4.998110219949563615e-01
-5.405230267699487001e+00
-7.424477331277562264e+00
1.094708300085010144e+01
-3.893421729892557437e+01
1.270895190335819969e+01
-1.242811199812656753e+01
-1.706110913676416985e+01
5.976768923207235851e+00
-2.212172455172048103e+03
-6.446024480344196839e+00
3.847689213158900401e+01
2.953757004969300493e+00
-2.517876198110284403e+00
-4.579833685385176878e+00
4.415259057435934054e+00
6.862501235660403154e+00
-2.912158163973937519e+01
-1.228971078650300086e+01
2.702547286134156579e+01
-3.236581516692928595e+00
-1.128189654778798712e+01
-1.487365647879963682e+01
1.201100820588862028e+01
-2.133259431490941438e+01
-9.865279997346313223e+00
1.719048905763366264e+01
7.751099621449280441e+00
4.582713934604695893e+00
-1.858088699291942092e+01
-1.848922665033023804e+01
-7.051334941574422643e+00
-2.960748025844472764e+01
-3.148740000302721853e+01
-6.067932528146818072e+01
1.203957680509508066e+01
1.009094789091805389e+01
-2.048437398739337141e+02
4.178407544033195364e+01
-7.631243026499784143e+00
-4.001480547779137709e+01
-8.541116524799075904e+00
5.886241001483933033e+00
-1.014887463972832293e+01
2.849286890185241816e+01
-1.837626809270645145e+00
3.075725590485457239e+00
-6.860922789293272039e+00
-1.594821463908048287e+01
-2.326757786852795107e+00
-3.762913894689913974e+01
1.024012736808165336e+01
3.860521128898088516e+00
-4.498754504173162694e+00
-9.755112279837209188e-01
1.930774172262355393e+01
-1.059615901663195814e+01
-2.449445785464404324e+01
-5.499794835282327821e-01
6.037785569525314422e+00
-1.491219610347883417e+01
3.522343360393494827e+00
5.474300999291192937e+01
-5.310218873101925396e+01
-5.173958904399999170e+01
-7.814827028005374210e+00
5.838531918254237674e+00
2.366426802321446843e+01
-1.036974987460439257e+00
1.208421172048171144e+01
-5.283177391353071783e+01
-1.112835663507822836e+01
-5.695453415276217584e+02
-2.182647375205577500e+00
-1.736153575182281372e+01
-1.366982531293454706e+00
-4.017181374827873519e+00
-7.579355969303417595e+00
1.227483560562109766e+01
-5.505675144351972250e+01
5.073734315224895930e+00
-3.095432875727471611e+01
1.594399936852729915e+01
-2.019775410775514501e+01
-1.373384305620007240e+01
3.052499236506403424e+00
2.636168637911514168e+01
4.423983948741076233e+01
1.916812533996334977e+01
1.302040535639387713e+02
-3.403881214644167930e+00
1.712348240800410792e+01
7.606202166523040376e+00
9.842242378318374563e+00
-3.733411160501270754e+00
9.310628199411508987e+00
1.627254740189528093e+01
-1.168877048265529197e+02
-7.237662694742102332e+00
2.805312935632080062e+00
-5.141628009297305901e+00
-4.467646341840551827e+01
4.651388802879384343e+01
-3.399647288283125590e+02
5.608394716033950012e+00
-6.084999505338065440e+00
-1.142123438935867519e+01
1.187944525789645382e+02
1.677882761798984390e+01
-4.988615821623378910e-01
-1.416488861258890495e+02
-6.390757557698406366e+00
3.558006532434824720e+01
-1.265278147040780621e-01
1.939929745628670688e+01
3.650130176566594997e+00
-1.062675340158421378e+01
-1.624800140724558872e+01
2.012900686906314363e+01
-1.932116353376912787e+00
-1.827167030437991357e+01
1.061463903002424480e+01
-1.908986318522326187e+01
-7.617892823851718731e+00
-1.654289641505969577e+00
-9.226889656339341883e+00
1.787264124897469131e+01
-3.862125144541360555e+01
-1.099550068307414818e+01
-4.233475977688009095e+00
-1.194434147808325353e+00
-8.596819204463642450e+00
5.281309133230325248e-01
-5.983635445486684290e+01
-1.744468466339615276e+01
1.185228620954805834e+01
-1.132529441425580252e+01
-7.129623789816693424e+00
1.009899176907784657e+01
-5.927835836957499538e+01
1.880122257162370403e+01
-1.205577879239815964e+01
4.230830360025126424e+01
4.285897521758990081e+00
-1.516212027947013752e+01
1.618572511996718788e+01
-4.654726338208356395e+01
-3.243349712520982475e+00
7.919522994849957698e+00
1.706567942568345231e+01
-7.189184410034831885e+00
4.267924294592626566e-01
-1.730793383287353659e+00
1.781182693649085325e+00
-5.622070894147979914e+01
2.334761363021863190e+01
2.458957386068353657e+01
1.651396581935947339e+01
4.289270930666743453e+01
1.422988729989858747e+01
-6.241399357455797769e+00
1.418277336921889065e+00
-6.227726536073935115e+00
8.438419429710280895e+01
2.170333995733509269e+00
-3.735040995452429513e+00
1.219201948679622483e+01
5.103535888323131875e-01
1.067394942614518527e+01
-1.269527307433358914e+02
-1.132275956588417454e-01
-1.139066375146100896e+01
-8.052121567370321698e-01
-3.935205874385177438e+00
-1.825301133250845975e+00
-5.208701914533332911e+01
8.067541845607770767e+00
1.317805886795430403e+01
1.873655822663882731e+01
-1.134663383911684598e+01
-1.045252842580935981e+00
1.276092420990550202e+01
-3.056670400828781808e+01
-3.330153563160588082e+00
-7.188605244402651806e+00
-3.135553845715986654e+01
5.430614144727161197e+00
-2.386879565354728783e+00
-1.481566529425063372e+01
-8.849468744343178628e+01
-1.216626206778764008e+01
2.918967314741257724e+01
-9.198370390430266053e-01
-7.867515885451372704e+00
1.135655272112886927e+01
-3.356159377916398512e+00
8.676755339725968241e+00
-2.014459172831074696e+01
3.428358084314932608e+00
-4.911841070060548375e+00
-6.369207707846324062e+00
1.014202933850624611e+01
-7.870070619373289844e+01
7.986716376442850596e+00
-7.874987559168432405e+00
5.102758732824167254e+00
-1.039766346881549275e+01
-4.197550216092596820e+00
-3.171156228381458675e+01
1.432964748427562185e+01
1.195408090137348722e+00
7.270163815849917555e+00
1.439792522205482150e+01
3.468041307087551672e+01
-3.942984238536520358e+00
1.973089833683997441e+01
-3.223497844665226264e-01
5.420736699032083550e+00
3.371699681475498256e+00
-1.142504831153793532e+01
1.096324603017560229e+01
1.978898496932086104e+01
7.293696788708206924e+00
-2.193207583027976249e+00
-6.131696320233487540e+00
1.053599561243356142e+01
-1.717339455554483862e+00
4.062286820585556235e+00
1.791934181664812087e+01
1.861078257662124358e+01
5.595237513412619101e+00
3.066046924559910991e+01
2.708443307691494439e+01
-2.067788272447691611e+01
-8.026685995084639202e+00
5.550188984556844234e+08
-1.874790846544452450e+01
5.774237274785882335e+01
-9.838167233744057327e+00
1.339686189023319152e+01
-1.597441968519547562e+00
2.677381509156474948e+01
3.369749411145358664e+01
-7.386647766766758494e+00
-1.800998529198682263e+01
-4.135341087616897937e+01
-2.364211096667764878e+01
-1.459415888459098909e+01
-1.879163911951743415e+01
1.419811204404335214e+01
-1.319553019962753737e+01
4.224629584082145506e+00
-1.597382899179199178e+01
-1.695220095070131450e+01
8.134094110194123317e+00
2.077559632776269893e+01
8.365778121057731553e+00
9.473232943991549249e+00
-1.128188191970902032e+01
1.964872130222678592e+01
-1.421053640417871655e+01
4.785560181894164344e+01
-1.845935573700858257e+01
-5.731432943476815645e+00
-7.391136627499204970e+00
