5.903506453688327493e-01
-7.103336320030807505e-01
-1.000000000000000000e+00
-1.297642202194309036e-01
5.886222870771078419e-01
6.414117525413790544e-01
-2.132200718840396581e-01
-6.138631284774652697e-01
3.975117882432669392e-01
-3.765289337681360093e-01
3.502167531700477870e-02
-1.000000000000000000e+00
-2.589819675529299037e-01
-1.000000000000000000e+00
-1.000000000000000000e+00
2.643870413315674642e-02
2.787173709514505493e-01
-2.258154855208350520e-01
2.496359805065019866e-01
-8.363808194026788323e-01
-2.141354414736856837e-01
1.000000000000000000e+00
6.218362013451631531e-01
2.567563549790484179e-01
-3.362994673152732705e-01
4.424070154297287116e-01
-2.170920353762822441e-01
1.792092092235347267e-01
-4.602638398391943886e-01
4.941084573643739764e-01
4.957468390181747342e-01
-1.584110554580440977e-01
1.000000000000000000e+00
-1.000000000000000000e+00
-1.784133086668789336e-01
-2.876347150726815682e-01
-1.043003935865573772e-01
-3.188766806281277955e-01
-1.101796871283242107e-01
3.005932661567530806e-01
1.000000000000000000e+00
-6.803612355135619794e-01
1.000000000000000000e+00
-5.482011133247981227e-02
-5.837004164681275364e-01
5.090471992332203932e-01
-3.697535715546109159e-01
-8.612903651449113074e-01
-4.534097002356790029e-01
-6.138697617358420677e-01
-1.880712231212527952e-01
5.009902267518596686e-01
6.216765885856098128e-01
-7.850889426500350099e-02
-1.735084350944131604e-01
1.395445340559628433e-01
-9.252976278775160157e-02
7.307632837522379798e-01
4.280632538236060491e-01
1.000000000000000000e+00
-1.430900621731391598e-01
2.921589639618238365e-01
-2.196750789790750669e-01
2.606397737869959319e-01
-6.690702812450002868e-02
-1.506526787784424615e-01
3.823838494850623770e-01
1.485463697696711716e-01
-2.334491529514268471e-01
2.619427302341801322e-01
4.980547310464176758e-01
-3.144603337087106820e-02
1.721622879126735034e-02
3.197518429779910853e-02
7.033043016311733009e-01
-4.261971333461616607e-01
-5.263682971522452014e-01
5.252600259857289622e-01
-2.710924506622983121e-01
1.781845954665023379e-02
-7.658781631783144472e-02
2.635522540767189503e-01
1.000000000000000000e+00
-9.465340096811840354e-02
3.859825514700698235e-01
-2.728535396692722270e-01
-3.736932887109868373e-01
6.938803177670754829e-01
-4.248043321120734683e-01
-6.798062200343592265e-02
-6.442223679679548454e-01
4.083841269597737744e-01
-4.010172496755862181e-01
-2.598352478759635709e-02
-9.720865174200885583e-01
2.859974179203235156e-01
2.721029359297920669e-01
-9.296214231644807369e-02
-1.000000000000000000e+00
-4.848608083045398143e-01
-4.058598896199051009e-01
-1.308339591377790101e-01
2.007692114605579836e-01
-3.583024652118976805e-01
-4.638939678375731956e-01
-6.667290278574324880e-01
1.000000000000000000e+00
4.442089791041344826e-01
6.613071769648728448e-01
-6.896326383463518006e-01
6.560564545971299399e-02
1.068112697725500104e-01
1.724647902906541463e-01
4.803020319379747161e-01
6.309301396779275484e-01
4.601613579840524992e-01
-1.000000000000000000e+00
-6.268892002231460925e-01
-3.585373128333221304e-01
9.105664703824546402e-01
-3.060506297985456370e-01
-2.830478379533127864e-01
-7.418732292995960931e-01
1.538739069074379073e-01
1.000000000000000000e+00
-3.969657129822549146e-01
-5.818559216623747643e-01
5.872538858481735069e-01
-1.000000000000000000e+00
4.214130356392906673e-01
-5.333155892231766781e-01
1.842869046465624716e-01
1.000000000000000000e+00
-2.628286091548591719e-01
6.065457250337626810e-02
-1.041686405463208565e-01
-6.487405332269031710e-01
-4.076967488303838705e-01
-4.536822291365777415e-02
-3.973323742497797406e-01
3.743143052673769677e-02
-1.083047624504234058e-01
-5.029995863314323801e-01
-5.343942212915863132e-01
3.501474498626827025e-01
2.013843713242148281e-01
4.826539125632492433e-02
-7.676832938593757261e-01
-6.225874087647607080e-01
7.124185403276193929e-02
5.810813764095934530e-01
-7.889675139293749195e-01
-4.315943301186425107e-01
1.360982345358105472e-01
3.225656764805819032e-02
8.498148416822261242e-03
1.650003738430591005e-01
-3.252621614948006390e-02
2.850418535380472851e-01
3.328425996417561095e-01
2.168549469717344080e-01
6.556267825059173271e-01
-1.563690403480380575e-02
-1.867302140059127757e-01
1.094060766761481285e-01
-3.098746489459388576e-01
5.697440555345152369e-01
5.850514608800797545e-01
-4.724156366471622959e-01
-4.160952447944804011e-01
3.434797693355567394e-01
-2.045801644349208859e-01
-2.083605559463370671e-01
-4.048471512949195494e-01
4.276862054871806706e-01
-1.029941317467804734e-01
7.244966688617071604e-02
-4.112504093380021097e-01
-1.000000000000000000e+00
6.524203496181424367e-01
7.682890965166380703e-02
-3.198590610897086295e-01
-2.369925983124320235e-01
4.265436199928265282e-01
4.658217142169731040e-01
-4.638721247675499093e-01
8.654571212481769471e-02
-2.193433866048497827e-01
1.476339403424704877e-01
-6.171910833087754789e-01
4.029013095949193213e-01
1.000000000000000000e+00
6.860563390352198976e-01
7.596939880087588692e-02
5.811462523291994753e-01
1.000000000000000000e+00
-6.006276460753992019e-01
-2.739047796123369460e-01
3.964485425227335380e-01
1.000000000000000000e+00
1.040743542373198244e-01
-3.268331652580603319e-01
-1.916758261441069977e-01
4.645978756795378084e-01
2.935878637476020958e-01
-9.543959100611646429e-01
-3.770498913033737409e-01
2.074504470427117886e-01
-6.444059756431617103e-01
-3.329565219351094951e-01
1.166204612775940397e-01
-3.488478132125233389e-01
2.754278429177544618e-01
4.727214598909624255e-01
6.046940082963050411e-01
1.695391503543332290e-01
3.961991033427899461e-02
2.915619554444811579e-01
-1.228632899614603979e-01
-2.869282670199260754e-01
2.328187377047652162e-01
-3.894685838946716494e-01
2.941474288229514178e-01
1.066551731065249198e-01
4.437665453215649536e-01
1.261492354366283430e-01
2.083605559463370671e-01
4.110234762303205391e-02
1.000000000000000000e+00
-2.111813165362379230e-01
-3.436466496282623850e-02
-5.097404022372092891e-02
3.300331353602814488e-01
4.756449074949687938e-01
-1.771993950724773392e-02
-4.186146844195843819e-01
3.161474769207510693e-01
1.794055349202505756e-01
5.464462168773236428e-01
-5.030339180078967631e-01
-6.352540486096862615e-01
2.931320029190965792e-01
-1.318508425377133003e-02
-8.402823437478890156e-02
1.987500692163531590e-01
-1.000000000000000000e+00
-2.828135353723556511e-01
7.905672928715493097e-02
3.225975287891998944e-01
3.054682801394062452e-01
-3.263198146519461496e-01
3.968525255693797771e-01
3.666266332742220135e-01
-2.180256925477939700e-01
8.630922404659280289e-02
4.387775868883324604e-01
-2.824035016632537864e-01
1.443106089901075584e-01
1.166555161634198201e-01
-5.993756286307757586e-01
-4.706629602403062940e-01
-2.377124568631542867e-01
1.008719157758293378e-01
9.059814015285042044e-02
1.000000000000000000e+00
