-1.029986609789588670e+01
-8.869698253124063569e+00
-7.730282784923197426e+00
7.091804665778662198e+00
-6.020715175815925591e+01
1.373988530549673115e+01
-1.225373718366423148e+01
6.001575064761341949e+00
2.748548546618537980e+00
-1.069644270595354261e+06
-8.846331829270308589e+00
4.001299061160105452e+01
-3.258257138347098181e-03
-4.128320162544549810e+00
-8.534139546830015632e+00
7.878738084774586703e+00
4.299105190754040073e+00
-2.925513364752960399e+01
-1.877734199635422385e+01
2.536363977463973242e+03
-9.857937706890652407e+00
-1.662827030989780752e+01
-2.195560046755583699e+02
2.798791859061057252e+01
-3.441806519013580612e+01
-7.828291646613821264e+00
1.799702598302233270e+01
-8.087548481253912541e+03
6.941726706195272101e+00
-2.501379133934244237e+04
3.101212966286328410e+01
-1.616907773288237538e+00
-1.562595388894144932e+01
-2.876569322951758778e+01
-5.822055828922432852e+01
1.464467373145181028e+01
1.238352847273235824e+01
-3.088468603949007729e+02
1.045039072435191088e+02
1.980852877539224437e+02
-3.793026341081828434e+01
-4.644702870204856282e+00
-1.491154909450532884e+01
-1.011764867640178522e+01
-9.457697334437406766e+01
6.312988682477307378e-01
1.100147808739078803e+00
-8.044611648848061236e+00
-1.839792987396917212e+01
-1.457452133639240976e+00
-1.184715495965747607e+02
6.989303258312791201e+00
4.402156294304854001e+00
3.789849056341202393e-01
-8.862666932535240960e+00
1.947909454745025926e+01
-1.020320942658882046e+01
-2.541302823194212692e+02
3.116031583422030735e+02
1.542975374833366914e+03
-4.728539623150641273e+04
6.751562719214359021e-01
2.757574873506451141e+00
-3.165494647163844633e+01
-4.149695762243775789e+03
-7.023963359292554998e+00
4.184978909490341792e+00
-3.899893138494254572e+02
7.825521703280680974e+00
-8.817594878359603854e+02
-4.570151256563207909e+01
-1.072610418799549237e+01
-5.618472605313943404e+02
-1.025096287135109208e+01
-1.605323087360297336e+02
-4.430503187384386088e+00
-3.070247367895345914e+00
-5.323827788104054548e+00
1.381455893846341709e+01
4.218220667690335546e+00
4.317898270726955978e+00
-3.013606999268524689e+01
-1.668563076169737940e+02
-1.966588268254346161e+01
-1.539256136521189688e+01
-2.516916017263767902e+00
2.433768570699455580e+01
1.060666582149860460e+03
4.007056403236193276e+00
7.426868269859837892e+04
6.608160432731452261e+01
1.750895492332294978e+01
-3.599359254946126612e+02
-3.683186065359706163e+01
7.184424255455829211e+01
1.613670668371494799e+01
2.317306135996788186e+01
-9.997096995251034969e+04
5.460209992346378982e+01
7.493850640048919765e+00
-2.468501191182083119e+02
-4.980481205642838916e+01
5.670399783279084716e+01
-3.320808005962945231e+02
1.414571129197639365e+01
-6.490661942503797022e+00
-1.339207313074720318e+01
-1.603019045353841782e+07
6.488891014924861977e+00
-1.037846835828642122e+00
-1.419135391881949317e+02
-1.191696610894445385e+01
-3.265097133681790886e+00
4.840961551786004513e+00
3.976869316650574910e+04
1.144880906201749404e+01
-6.331447748664643882e+00
-2.319283597497368646e+03
8.770482730661964865e+01
-2.573888069323943739e+01
-9.336180926021302895e+00
2.634181122531928376e-01
-1.729603584144224726e+01
-5.045327773048741804e+00
1.784412211401304660e+01
-9.279562716645630260e+00
1.912270127759158456e+01
1.984048373357971400e+02
2.117239893065545786e+01
6.790732730694815473e+03
-2.713547187298362973e-01
8.371618233116585372e+00
-3.968847423330789326e+01
-5.592502896003880863e+01
-1.814223951265556778e+01
8.373319322782405649e+00
-7.411847098948527446e+00
-2.679478691835223358e+00
1.397872627760339981e+01
-2.763820134304956355e+03
3.555009236891424962e+01
-3.427672818260504961e+00
3.702086013182007207e+01
1.049156477909541252e+01
-8.607620854202947021e+07
2.210992176207043514e+01
-5.028197877051169939e+01
1.831244287299421014e+00
-1.217263389638579341e+01
2.009849336313751992e+05
2.138685875500191287e+02
-1.239381351443043400e+00
1.320893381709474790e+00
8.854968267031887663e+00
-2.817551586149392824e+04
1.913842738462347270e+01
2.456101247024528433e+01
1.547191353417297250e+02
5.046315645464610498e+02
-6.701090636330389231e+07
2.328379374095632670e+01
4.356533086314994918e+00
-6.268560065843502827e+01
1.044608427582882655e+02
-2.331061398160760589e+01
-4.509622300227976943e+00
5.893341720279336116e+00
-2.335492943173106184e+01
-3.028514484055997400e+02
-6.593384632604355284e+04
-4.272650706231102546e+00
-1.642132956966761981e+01
-1.876632850813947595e+00
6.245521056358949163e-01
1.336221959921753965e+06
-5.265578685246247659e+01
1.307776995745079773e+01
1.941393457743711082e+01
2.309156731676844743e+01
2.163922728550516069e+07
4.906768435445523835e+01
6.279256018413693852e+00
-1.243816696336695315e+02
-2.009580669672834219e+00
-9.435030898293438440e+03
-3.812815659365489296e+01
8.353566956754361783e+00
2.282779208607290045e+01
-8.750253277626438120e+00
3.729444079493431218e+03
1.729126397626348322e+01
3.700457130208550893e+01
7.777382073107131077e+01
-5.828157524012924640e+00
1.376307102360921775e+01
-4.209168443057281550e+00
9.626513154754697155e+00
6.189110608198229002e+00
4.551689515770355854e+00
-3.393037564449385740e+06
-4.703364297675251748e+01
2.087665227136391799e+00
1.108835225571785443e+01
5.988247333319066001e+00
-9.243223062878943352e+00
4.590716620702497863e+00
-1.315700241412629445e+01
-7.728150374024690450e+01
-1.952167230693948454e+02
-4.426316655112001899e+04
5.141423562775147005e+00
7.894167786001785814e+00
4.666072438341468143e+01
3.829926384112714999e+01
-1.053230625326656344e+00
-1.078628401338177035e+06
2.695722669186349840e+00
2.093303592603479046e+03
2.487514775374822662e+01
-1.575994363299793655e+01
1.667170944846559699e+00
2.430375155178650459e+01
1.136845055672346660e+01
-1.188196786871436927e+00
-8.738677316770029790e+00
-4.413896914843823761e+05
-5.839091382017189247e+00
3.062561033749417572e+00
5.502368737731101646e+03
1.553442574562410528e+01
1.083234176810663474e+00
4.162625979175263069e+01
-4.624376436886697306e+00
-1.661602163606945481e+01
-7.639902659092552284e+00
1.713465655458000183e+10
-2.031214284448648399e+01
4.268949439723933756e+04
-6.911938969941775501e+07
-2.213448851013499312e+06
-5.661813007145090337e-02
1.463851747665611036e+01
1.088366407128658295e+02
-9.485746385853648377e+00
-1.789859346934709805e+01
-4.142057188280506352e+01
-2.015487079466860365e+01
6.890005017112864039e+01
-1.802456283103404999e+01
1.572303252670785056e+01
-8.127953669940277450e+02
-6.886295644547124084e+01
-2.071801583888848342e+01
-1.947863112277439157e+01
-7.989640969030595841e+00
2.151561855989347549e+01
3.577994753853058985e+00
1.396954089305045699e+01
-1.446895573734089524e+01
2.073332109318645422e+01
-6.344178956956449511e+00
4.051971274294993464e+01
-1.858649456047077209e+01
-2.587234297373229186e+00
-6.395172569913546212e+00
