4.830383265088877831e-01
-9.978458436048767144e-01
-5.834217298043784528e-01
8.116554923759045082e-01
-2.021189791957387349e-01
6.617498162489088287e-01
5.057354066865979991e-01
7.307800998771951662e-01
6.078263294479608891e-01
-5.106913391962903948e-01
-4.692281948947520931e-01
8.768537945536483136e-01
-5.596892006253304519e-01
7.658300199700243116e-01
-2.117517635508243679e-01
-4.231070400896099759e-01
-1.577473042473909182e-02
3.894424921085593017e-01
-9.582954392972058422e-01
-4.052627450335428705e-01
6.148291555001450526e-01
3.729884642385072890e-01
-1.412550654098667646e-01
-9.315309221755410096e-01
7.650212795863133852e-01
6.047790449056613671e-01
6.245452096397250408e-01
-2.445002519694394749e-02
1.234911320000664503e-01
9.358297118893643685e-02
5.694310125916572929e-01
-7.013215288032250694e-01
8.111961979376112186e-01
5.229600674879852917e-02
2.961540644488400709e-01
5.641985213919802344e-01
8.047868711887566917e-01
-4.245204266710693730e-01
-6.714894585904414015e-01
-2.621100905241591228e-02
1.679417370845868174e-01
-8.407418974243976439e-01
2.294692807838938364e-01
-9.889433243920036087e-01
-6.028605809463072340e-01
-3.608151537329731262e-01
-6.511098098986316529e-01
-2.470789155564343531e-01
-3.396956615145241276e-01
-7.884479340584853446e-01
6.423888317068751075e-01
9.194841936947677485e-01
7.712420545610463307e-01
6.878718625848194712e-01
6.612784322317564190e-01
-3.468630317188945433e-01
1.536602034689487084e-01
6.953843790568354777e-01
6.963119976377143416e-01
1.660835903795125912e-01
-1.833795051804807397e-01
-3.065969478510448543e-01
7.481054329722625074e-01
-3.529260812806032099e-01
-7.985788707535856901e-02
-5.517748381258884560e-01
-3.197804648568365327e-01
4.617600509796599972e-01
6.610741028664810504e-01
8.756003929765967531e-01
8.079617549265369902e-01
8.554587739145174119e-01
-5.144258434660271551e-01
-3.984759959867625323e-01
-3.435123603488712263e-01
3.654896914591345691e-01
-9.600676646381134383e-01
4.688333141678595606e-01
-5.432895530505097437e-01
6.386604485680089649e-01
1.335779342141685255e-02
6.373661210450269898e-01
3.777154578834844845e-01
-4.398625674544793807e-01
1.349693705152943402e-02
-7.624400257072632137e-01
-4.214602916831795554e-01
-7.145756905620537225e-01
-6.495393862855116662e-01
-2.199870213574359745e-01
-2.928223142940218349e-01
-5.639769223811212928e-01
2.509296661193987088e-01
-4.502726576162046079e-01
6.611098069978600389e-01
4.827165421929890954e-02
-9.408328923244535513e-01
-9.857605238513582613e-01
-8.042206744356672488e-01
-2.862001899637427460e-01
-4.499788905903028269e-01
5.634203961782262571e-01
-3.859789508836133365e-01
4.800597472225964779e-01
-3.611246385110418178e-01
7.836429270407769820e-01
5.514513911343121855e-02
7.254536143028711415e-02
-7.367678741256007413e-01
7.288145397961187655e-03
-2.646408609678241319e-02
6.354382180296422877e-01
7.651752386864612010e-01
-9.400729123875362081e-01
-9.810387758584897533e-01
-5.348047361567440650e-01
9.717545774819655868e-01
-3.377555450102420753e-01
-1.201929896233311368e-02
1.493086411943755909e-01
-1.509710913462156689e-01
-6.665425262434296894e-01
5.059642526730889767e-01
5.401165391381343994e-01
-6.159917949834448070e-01
5.712229757576354761e-01
-2.623131890841379210e-02
-1.241205901644693022e-01
5.245876763893435601e-01
9.885031092528440144e-01
-6.097118448815792568e-01
5.462999209192132000e-03
9.759650966506094871e-01
-4.143747129055823653e-01
3.762963015027100955e-01
-9.543620534742340844e-01
3.507291373687406733e-01
5.933874779392764864e-01
2.540548380868283829e-01
-2.793678920387436815e-01
-3.211669748435463934e-01
7.690775462409744634e-01
7.948478619948178281e-01
4.935121470563699209e-01
4.104718113295646731e-02
-1.799801707664800965e-01
-6.170488745555957610e-01
-4.953356811140174898e-02
-5.365145514147151573e-02
3.235201222935046861e-01
1.030886005181372855e-01
6.303308881509217532e-01
-5.075703287426238663e-01
-5.031533309837334933e-01
-2.858998737747289187e-01
-9.485746831292081183e-01
4.744628738565070947e-02
-6.670993428983535978e-01
-7.842780652131420283e-01
4.628085491832532039e-01
8.345318826560237380e-01
2.768512349582243903e-01
8.797427015160548258e-01
3.470454542716336910e-01
1.979389579505947960e-01
-8.936984219980876887e-01
8.240382824156180508e-01
-4.044080555744038463e-01
6.831415336885591216e-01
-1.964713817560939102e-01
9.848253068235157670e-01
-5.819614853307952806e-01
1.595336838050989137e-01
-4.554172136759659928e-02
-7.377156323482327860e-01
3.584434414639734445e-01
-3.292252708894627400e-01
6.289909813450469400e-01
-8.308634567601780319e-01
-9.637596252394982077e-01
-9.950399722095837340e-02
7.074125476808630353e-01
-9.927499307501281844e-01
9.633249250455853119e-01
-7.222707803473149557e-01
-4.882678617053655135e-01
-4.005225181363341047e-01
-7.587427035121765417e-01
6.062081851185401327e-01
4.093976326238630836e-01
-3.339017396893628753e-01
2.586954723485042074e-01
-1.323991017478671761e-01
-2.728806702429327213e-01
-8.502654766692101518e-01
1.918326304366382296e-01
8.016239593890583937e-01
-1.495770936795490780e-01
6.639220608470548513e-01
5.512903330030916038e-02
5.464465527293116409e-01
-7.873335797920226753e-01
3.689402550684817150e-02
1.391795577302299414e-01
-5.869562574523918830e-01
-1.072257753009799863e-01
3.103032126111655575e-01
1.563105186306319450e-01
-5.343420932026032855e-01
7.309939935660869637e-02
6.471524110616733161e-02
9.667692131674643363e-02
-6.027948671002831826e-01
3.960540158936172173e-01
-1.144281126076021060e-01
-3.345412522268231825e-02
6.760400436195024287e-01
6.492584620991264099e-01
-3.752838000585310141e-01
-7.608833355554360800e-01
3.372925835663265204e-02
-9.489847660639281202e-01
8.536507478693029505e-01
3.138885135782127911e-01
-2.485312974024098676e-01
-8.088927005509740642e-01
4.062427613533730053e-01
5.628216729034412058e-01
-6.512102845744276447e-01
-7.234328246435617338e-02
-1.281246962476292328e-01
7.410802623135199774e-01
-9.415959256757056028e-01
7.745950065011200092e-01
-3.443492944531283406e-01
9.885558403637437763e-01
3.135346479674703257e-01
-8.911527234558169752e-02
1.810135087651520980e-01
3.880635529740685818e-01
-6.704733912462763623e-01
-3.703030848955350951e-01
8.679076079328564841e-01
-4.284437593338366046e-01
-2.120460548626439401e-01
8.178122868204502627e-01
-3.392349086845056760e-01
-8.286170651563375955e-01
-3.390673510535662238e-01
-3.987771551486851696e-01
-1.628287003544166556e-01
6.224310819088993973e-01
-4.797741984539027893e-01
-1.099256961184524872e-01
-7.904220274460758144e-01
9.163194128014686690e-01
-8.687977420259993533e-01
-3.661574492632255762e-01
2.205009969353382004e-01
4.599736469413695517e-01
-5.872396805109487694e-01
-6.697966660462644217e-01
4.205502828411435967e-01
6.204961757863352023e-01
-5.164659670588100937e-01
