-1.586475575630925450e+00
-4.719602795825765362e+00
-2.141943568466831760e+00
-4.246086745413205632e-01
1.607935583322851691e+00
4.379953535142451782e-01
5.156571801206194294e+00
-1.286393807750271234e+00
9.743912833261041406e-01
1.660974361549044653e+00
-4.974784240184094486e+00
-3.365810709053016492e+00
2.049523357937171664e+00
3.206180619807120769e-01
3.752885454433804391e+00
-2.079925620174222445e+00
-9.063525309010683761e-01
9.974394701863236179e-01
5.335325039237079903e-01
3.513062553135917643e+00
9.689819857171301232e-01
2.693683198593969763e+00
3.117654871374527126e+00
4.459679239983173060e-01
-4.749541482894889532e-01
1.433326998502936211e+00
-6.366576890794162225e+00
2.246293933566969159e+00
5.020677764390960363e+00
3.651496084049592472e+00
-2.907629315697422889e+00
-4.400117744394933084e+00
-3.363829583915137533e+00
-2.920362755844211566e+00
-1.128036895129473249e+00
-4.552057886712859158e+00
-3.163948982525622289e-01
-3.199938601092051638e+00
1.439315184615913346e+00
2.468210783709856138e+00
2.424686937666578945e+00
5.832261201377108684e+00
2.305396421108521832e+00
-7.206859033490021771e-01
5.841321244507545529e+00
6.148188659791153921e-02
3.044317688472601535e+00
-2.873559013595186507e+00
4.352945186514636688e+00
-2.089574239905554798e+00
-5.093184904595903006e+00
2.495118602868036550e+00
1.848018459758093979e+00
1.128731142700172496e+00
-5.331762269598917747e+00
-9.615711964196659300e-01
6.042587172114283200e-01
6.358266515385830431e+00
1.209361995384357957e+00
-2.884123418745905720e+00
1.759183608972318069e+00
9.758081187400741152e-01
4.407013117778983968e+00
-1.238020939824693079e+00
1.713435049807490174e+00
4.684532160262254052e+00
4.318162292707954819e+00
4.383130140331806146e+00
-6.756824902576972214e-01
-2.103898730608408485e+00
-7.250890992568126414e-01
-2.763553483185459125e+00
4.502527541770156017e-01
-2.043098336027830086e+00
2.100082664652830999e+00
-3.467591653868396517e-01
-3.067237402717846173e+00
3.845018251633751660e+00
1.930753794990714756e+00
1.235325688131621469e+00
-2.151211051918009431e+00
2.738900190825312553e+00
-2.073565827663822692e+00
-1.636822667464191472e+00
1.553304007544907162e+00
-3.243810206012460728e+00
2.893053767966730083e-01
-6.403628984946127645e+00
-1.266585785466636027e+00
3.531205018688874930e-01
1.316005491319086840e+00
-6.134942349771482561e+00
-2.886159627512758341e+00
-3.586781364021839114e+00
-1.095959666221844042e+00
1.618645479626060091e+00
5.177631813842831221e+00
-2.876371583046161140e-01
3.345521301076688214e+00
-3.350591506434972278e+00
5.161457166938788754e-01
-6.246993731686821150e+00
6.058714891160130733e-01
4.955627443052309289e+00
1.753494358298484102e+00
-4.801267079451757347e+00
1.865689715617512068e+00
1.947435642432851832e+00
-3.325547219696645129e+00
-3.162148874894703532e+00
2.673025241018309739e+00
-2.296491966593552370e+00
-4.494384677925935989e+00
3.233223085934816776e+00
3.579321854851416518e+00
-6.272332389887718129e+00
4.109938333010642708e+00
8.954877201281336019e-02
5.122514373957671729e-01
6.164742954824783183e+00
1.023829104765169168e-01
2.327285697737512038e+00
-2.878549519212105334e+00
-3.154232288794082351e+00
4.032719709957337528e+00
-1.535831765331577614e+00
-2.352041113782540105e+00
2.001339001951270014e+00
-6.785789630026741293e+00
-5.934614818054378738e+00
-4.316165941368163006e-01
-1.295654630016912057e+00
1.059901314047363208e+00
-1.118414481417513207e+00
6.486032582957096615e+00
-2.105209029781192509e+00
-2.318250437638244565e-01
-2.652783435330896111e+00
-2.165144048884054762e+00
-2.583466405765952434e+00
5.427201892969255592e-01
-3.271325156101841269e+00
1.563238062965540465e+00
4.479612779795655086e+00
-3.732347596103772758e-01
7.430167895361232677e-01
-2.476049578858286804e+00
-9.257652017404356393e-01
2.331378687176625109e-01
3.366596286503937829e+00
7.094179351359193308e-01
-2.352638388253981194e+00
-6.768306726694619080e+00
2.669124455731846979e+00
4.742206657453102991e+00
-5.934739775274256779e+00
-3.175802563060941885e+00
-8.345091711116763733e+00
-5.197602457570792645e+00
3.051156016431091356e+00
-3.508724354399120227e+00
3.278105580286998944e+00
7.474436421526966523e-01
-6.252462155063260418e+00
-3.355655830972993137e+00
4.213877500022991107e+00
-1.491862041955498430e+00
-1.475425808848059406e+00
-1.668439007222429327e+00
3.008001750953939180e+00
1.082092557930485865e+00
3.228228459400146022e+00
9.691744396238151094e-01
-1.867105790389725239e+00
2.893363625289885110e+00
-4.809220262021807635e+00
3.847520238787984770e-01
2.263075954770627174e+00
3.919002416932647059e-01
1.788722072498451221e-03
2.561942958456604025e+00
8.976840913676424893e-01
1.178264439679489239e+00
-3.577625326167963138e+00
4.678700725891527412e+00
-1.948889361208842486e+00
8.636592469377557535e-01
4.839534412166299759e+00
-5.444763164877795880e+00
1.395357537805513859e-02
6.497416234075304331e+00
3.081082930017309263e-02
-5.978628990859439440e+00
3.983611596101038987e+00
-1.556908110339161322e+00
3.532550257985446862e+00
-1.767195289704492689e+00
-4.188310975290756577e-01
-1.417649649057192818e+00
1.230813683281400284e+00
2.477608931871016829e+00
2.551779790845130957e+00
6.170112699734917605e-01
-2.717065241603213277e+00
4.517107033085923540e+00
-2.530711641426700353e+00
-6.043944484067198530e+00
-3.028508283784836941e+00
-1.272168018735893913e+00
-1.373773695694263886e+00
2.519918104367977918e+00
4.957820376969293896e+00
2.631681030971094515e+00
-6.826469441444759090e-01
-2.954439751652161661e+00
-6.689652712734166506e-01
-3.245320743574913180e+00
-3.528523158874580901e+00
5.017971915149657125e-01
1.070575972544322685e+00
1.653483259425195362e+00
1.068642048703800418e+00
-2.826355632540166862e+00
3.863500300500311013e-01
1.972967347834474250e+00
-3.563954298069148319e+00
3.888549004997372105e+00
1.695009612695618895e+00
-4.935522272038205926e+00
-5.187959012415692683e-01
-2.428342080256746804e+00
3.340962730342337039e+00
-2.625459306987049768e+00
-1.840981730694299934e+00
4.289929521084205888e+00
1.289786155142377710e+00
-1.921416651233686768e+00
3.788853522532171780e+00
8.503125655723166032e-01
-5.021231043659681870e-01
-3.110769656193833388e+00
-2.223034231377163383e+00
3.116118232137599087e+00
-3.442166346069027050e+00
-2.021169980901610597e+00
5.837003948177383883e+00
-5.738547770414433202e+00
1.135117772629239852e+00
3.777197066881409881e+00
7.420257060622541534e-01
-1.106877320764454720e-01
1.491103878978794040e+00
-1.465590187799304056e+00
1.114143799271992030e+00
2.579599884739207205e+00
5.714008957185451321e-02
-4.939759900061240216e-01
-3.536064343129776244e+00
-5.858167517890384701e-01
3.070704932114666885e+00
-5.159296743713396971e+00
4.959581416924044639e+00
1.019397344180983156e+00
4.175301708335596551e+00
-1.881003409172961716e+00
