-2.525340219676904141e+00
-3.176262298073565749e+00
2.729643054390544776e+00
4.175187873588409815e+00
-2.090384860104298692e+00
-3.139122338628006492e+00
3.065093440063747288e+00
3.931621839305968091e+00
3.541324833247799120e+00
-2.358534479029521957e+00
6.322335174795142620e+00
-5.788015485724344877e-01
9.775825572602954150e-01
4.833760834146346497e+00
4.246809792994099553e-01
-3.718853531561570058e+00
9.410119328961406016e-01
-4.247176859786305769e-01
-2.315022752456019184e+00
6.248565445618794456e+00
-6.613099934819048897e+00
7.536577906946233529e-01
1.614365701085348270e+00
-1.693399138364621193e+00
-3.655237298167012039e+00
1.083566623630684678e+00
-7.007471063741530060e+00
-5.405026583336201895e+00
2.751753482170145482e+00
-3.665017430844880408e+00
-4.223824950993546601e+00
-2.340839062809688453e+00
2.980616919432887535e+00
1.789886083360030522e+00
8.279117406998648399e-01
-4.142991965653724407e+00
1.983914321728629471e+00
-5.689146417600189132e+00
-5.078655466636394777e-01
5.788493638064426960e-01
-1.288977732193123948e+00
-2.748252816160841494e+00
-1.387529313981973544e+00
2.122295177182270454e+00
6.210463675174956677e+00
6.710120800564478571e-02
1.572318106517882619e+00
-3.833887140332046251e-01
-4.788624719132879903e+00
5.462275835443653804e+00
1.243620542037960242e+00
1.026992082823453334e+00
3.096491435584979079e+00
3.998609865700402999e+00
-6.480793376019446939e+00
-8.352457976571719955e-01
6.110412561213315108e+00
-7.562581093358230255e+00
-1.862564484669901876e+00
-2.804437803869729073e+00
-4.636333607710549032e+00
1.302227997996995068e+00
5.242275915853189083e+00
-1.320325008572938330e+00
2.099270485452396251e+00
2.835591543424737182e+00
1.629131692868852621e+00
5.081388616248235124e+00
7.531734563614786993e+00
2.366141153985682699e+00
2.357929700196722322e+00
-1.173827344688637808e+00
1.003415280892008266e+00
6.921927513066700399e+00
3.435208339965658553e-01
2.219185126125679641e+00
-2.874492517793067137e+00
-4.124510655817979377e+00
-2.773849686502641632e+00
3.392261786002181978e+00
-5.012437008557163232e+00
-5.134335127483505623e+00
5.489032960288457552e+00
-1.852385942627261528e+00
1.250090239129571179e+00
1.991461672341956257e+00
-9.671527910802595329e+00
2.044996661657508596e+00
-4.635633511744388535e+00
-4.761121308377278538e+00
4.418621393541677378e+00
-3.987969646185211658e+00
2.510735523455679963e-01
6.558766642510471812e-02
-4.971016787297029893e+00
1.867588072825178358e+00
7.915555063394466018e+00
1.962162516929023770e+00
1.424756734477053310e+00
-1.023258764618719452e+00
5.503805087393485174e-01
-1.050748713489001895e+00
4.688083710961057804e+00
-1.647386793179204112e+00
7.882882645212762052e-01
3.915458789655653415e+00
-3.225580320869168016e+00
4.207069866816188330e+00
-9.012390288677676331e-01
-2.848953688600428968e+00
-1.539671342390079634e+00
3.331167297363326618e+00
-2.624749807486832509e+00
2.077796071510033649e+00
-5.308136444840164003e+00
6.233776697322824134e+00
2.025278731309029467e+00
3.539564568604369299e+00
4.249978596689050647e+00
8.898922744900364279e+00
2.453434501017448532e+00
-3.527627641429356586e+00
7.932148879746870662e+00
3.229163546701809828e+00
-1.565252604410193538e+00
-8.132375258864571466e-01
7.892090175772992211e-02
-1.433996355976211223e+00
3.700499460184489831e+00
3.695219905724599130e+00
-8.098322366010833662e+00
4.479111174899502501e+00
2.626912567090959882e-01
-1.835514280596458381e+00
-1.171835897730317599e+00
4.688350414949374212e+00
-4.637049182293442318e-01
-1.068778405594952297e+00
4.012013443417043135e+00
-7.661634646081737721e+00
-1.756987260719993227e+00
2.620662954255153831e+00
-4.341082135334827896e+00
-5.110377114141213539e+00
5.337702704358918693e-01
7.212787402625760791e+00
-5.734275900559387962e-01
2.097755526968828832e+00
-3.320325575680264318e+00
-3.766011472943052496e+00
-2.052027702770180984e+00
4.612513695784961953e+00
-4.538023902092628070e+00
5.359837351390423166e+00
2.182552213657746876e+00
-2.151354674545363110e+00
-5.023740361423374878e+00
-3.989509027541846109e+00
3.954438148454647806e+00
-3.583520291602331209e+00
-1.604893748947522347e-01
3.328345270857235860e+00
-5.779436340754660506e+00
-4.850356881554828803e+00
-1.476168510204736828e+00
-6.137734176998973723e+00
-1.875320357294178564e+00
5.782238259869417973e+00
3.994878309526966653e+00
2.162395059376171602e+00
1.776570435651459334e+00
-4.420324924963955127e+00
1.628824565829408044e+00
-4.044079687072688500e+00
1.840918793298767175e+00
-4.947522277565523652e+00
-8.250273463881732106e-01
2.484591010668971922e+00
5.140834724676296430e-01
-1.629273702127851386e-01
2.327649401634945825e+00
4.516953010700226478e+00
4.349909693813335920e+00
-3.401966016605362242e-01
1.616005923430190450e-01
3.925119302422661605e+00
-1.325573828981795987e+00
-2.535886969212299391e+00
-3.113111194291272810e+00
-2.276676412879173217e+00
3.996049335462269703e+00
5.423458297362384606e+00
-3.649075443158778853e+00
6.558465270571119277e+00
-5.665121958418334103e+00
-3.937494503357169329e+00
5.238016636537706106e+00
-7.204618467539418702e-01
3.083156722802238292e-01
-2.812998514903583214e+00
2.294963176242347913e+00
3.705465312219132556e+00
-5.616347495941337975e+00
-6.210018886167182117e+00
-3.560456985803889474e+00
-3.893658014292900926e+00
1.613760929566937730e+00
-6.311979186170999512e-01
3.002494388562837457e+00
3.625404239252031591e+00
-1.345634706042696305e+00
4.953906153288778924e+00
-1.695854476683395839e+00
-2.598774094612977148e+00
-4.756473490207394628e-01
7.158050491415751893e+00
-4.366692111320452874e+00
2.144293996166106275e+00
-2.334447434230184193e+00
4.043186755141812583e+00
-1.622171972867441747e+00
-1.307240171706051779e+00
7.970125398627678770e-01
4.305537846858983109e+00
1.698292293181319357e+00
-3.788030349417767617e+00
4.898833257645992312e+00
1.347170232020166836e+00
3.843703704897149187e+00
7.349324885184045364e-01
1.717530874318265566e+00
-5.096278763311729243e+00
1.277966903169206025e+00
1.529832227680389733e+00
2.258054473096322567e+00
-1.348034722638471017e+00
4.610953674333895691e+00
1.872755069283849050e+00
7.379675602927886935e+00
1.873003982367471343e+00
-8.142892050575090579e+00
3.168565582838610784e+00
-2.861145467529303765e+00
5.826719615080580006e+00
-1.576801932584258603e+00
5.754807374727546332e+00
-3.030441605554576423e+00
-1.354086989972955513e+00
3.612870086269746039e-01
3.968815797774832177e+00
4.196749079223574874e+00
1.398164990325474921e+00
4.296533726034107659e+00
2.464536585767323373e+00
-2.645722441197228214e+00
2.003233320993304645e+00
4.092148619190998815e+00
-1.194371622409698741e+00
5.246038503563493549e+00
-1.896176289833855222e-01
-2.166394235983891914e+00
8.107474198486379624e-01
-5.201587161900094181e+00
4.060998299565157232e-01
1.496248279134164250e+00
