-1.540967617608159701e+00
2.691795406259692935e+00
-5.403120957598766871e+00
-1.055850198174437260e-01
6.332742735369362386e+00
6.700996184894060903e+00
-6.367989959345480955e+00
7.879034147590248338e+00
-6.907817412503812093e+00
6.782719167919173842e+00
9.174952166635598871e+00
-5.510712843154497165e+00
2.535483098201781527e+00
4.757634793173227905e+00
-6.449788389632647778e+00
9.122285412295269680e+00
5.144029850321620856e+00
-5.088329116194049817e+00
-4.819482337461421295e+00
-6.047071917251692241e+00
-8.336340256163268236e+00
6.057724426451336797e+00
5.478655130353358160e+00
-4.077155665339788904e-01
1.048110902838605973e-01
5.549943177068339395e+00
2.868665951069540032e+00
7.525607929603804536e+00
1.231509840996996008e+00
3.964123272297026546e+00
2.880059312439673391e-01
-2.226869706690417949e+00
6.826168906391736790e+00
4.519972264081922653e+00
-6.084919392671674920e+00
-6.192488872098540043e+00
2.825710099466978154e+00
-9.076803032380093228e+00
-3.229313851441730776e+00
-8.172868473742896711e+00
-1.093096567423452647e+01
2.284514939793992117e+00
-6.147219073868680494e-01
-9.639280954797447620e+00
-3.005909062223012018e+00
4.341223937280933143e+00
-2.985601640027045978e+00
3.476104471431500365e+00
1.439363999661249505e+00
-1.340968446263407721e+00
3.364339359794014661e-01
6.665283510959594260e+00
-4.216400953009228125e+00
6.650975791152742289e+00
3.208560756795516777e+00
-5.361884594101500312e+00
-6.631002422407313190e+00
-4.134644402576203248e+00
-7.887597875119856106e-01
-2.103303534012883613e+00
-7.167191298746724115e+00
3.054824900699642853e+00
-6.814048533265830265e+00
4.898368128072363881e+00
-1.246338502588611785e+00
2.477449790742996427e+00
-5.654925880331367338e+00
7.276802353749769470e-01
4.797310506353351656e+00
6.126359787010350111e+00
3.720046809836672352e+00
-7.596545978007211097e+00
-1.654428495315852565e+00
-1.863678323821848837e+00
-3.666499930406709407e+00
-2.965222570192876717e+00
9.940524032554312051e-01
4.029674453102603415e+00
-2.619364232547978677e+00
-9.403533683321688708e-01
-3.021788354940793120e+00
5.043553584213998242e+00
4.205956763527042952e+00
8.861852462867567226e+00
-1.993254521828357939e+00
4.530784033513285181e+00
-2.985173803117079583e+00
5.936315994999526779e+00
4.212240660875934406e-01
8.999293369270956688e+00
-3.753690336000647054e+00
-7.945497984028308203e+00
-3.104420848371676200e+00
5.092968993569222391e-01
1.435379589647768128e+00
-9.874872819537950264e+00
3.774836235389615879e+00
-3.564561982454743205e+00
1.014922450839488555e+01
-8.928876930287199087e+00
2.611718469430333478e+00
-2.456423287456090065e+00
8.157883884847780820e+00
-1.712477066090740685e-01
-3.108870006515926043e+00
-1.631784568545882053e-01
-1.220333763331197918e+00
7.280747461380880914e+00
-6.977234391634437927e+00
1.015422302875949612e+01
3.756902747182544466e-02
5.275891362381592842e-01
-8.803998747404506275e+00
-8.359651416409871416e+00
1.124584853261951789e+00
3.621488029459178470e+00
4.356202700317400200e+00
-3.974656751326198556e+00
6.627798323900146116e+00
1.082046062496084371e+00
-7.175589755996710117e+00
-1.259452465061183091e+01
3.973325328873535067e+00
4.811248829392465787e+00
5.054084253810479765e+00
-4.951948285318120924e+00
-3.020426199124724320e+00
4.815161467347134128e+00
-5.144440178764345006e+00
-6.611478630586955063e+00
4.232671796096611483e-01
-3.451858850748986907e+00
-2.583884535999265708e-01
2.428392628084197202e+00
6.280200055308125862e+00
-1.314385004622654174e+00
-7.589470626615173465e+00
-6.939651779253557251e+00
1.284646053390197107e+00
7.271495868951090014e-01
6.323371186779421116e+00
2.710681053141459351e-01
-2.530232353600497142e+00
3.807850240922141971e+00
-8.413420555433431147e+00
2.517529516594091632e+00
-3.494336627253642469e+00
5.824440422990010191e+00
7.400221441918729326e+00
-6.423498284855878815e+00
-8.129519449485000937e-01
-1.980930844612042607e+00
3.310133579564635831e+00
1.754522287120469315e+00
6.632844754322720915e-01
-6.106987168890768203e+00
4.756289316162331637e+00
3.894116731928756181e+00
-2.433745467344117230e-02
5.048928605164670458e+00
7.818081990925927371e+00
9.334420017000223169e+00
-5.566142904799891156e-01
-9.743535706158925613e-01
-5.289894342502762470e+00
-4.227264675053191034e+00
-4.438333751329787802e+00
-1.021782385371021284e+00
-2.573421267335325169e+00
4.796000299041494053e+00
-5.185685441177436239e+00
9.165484080020855906e-01
1.060653307228335951e+00
2.941047046236056950e+00
-6.247178960118113800e-01
9.249269436515685783e+00
-4.233615980044386440e+00
4.801003467804932257e+00
-2.677530808949497576e+00
5.239912488462930007e-01
5.332203674328379606e+00
2.285993511161644953e+00
2.164600158395479035e+00
1.633379166808021310e+00
1.089028483623272692e+01
7.177551461375819564e+00
-3.206636448092249569e+00
-5.896569610195841804e+00
-7.999806634558837892e+00
3.878315317603808765e+00
2.301874565850803744e+00
3.635756869482551501e+00
-5.383893532364416590e-01
9.349937211778719615e+00
-3.288227631981087695e-01
9.935333890723059724e+00
-5.345926045194442366e+00
-3.433679005751660185e+00
-5.733495429067244409e+00
-6.234562428374726295e+00
1.499182929007509602e+00
6.398594720158369498e+00
-7.095982213897221946e+00
-2.604072995829437076e+00
-3.750019495088786847e+00
-2.576450219425398647e+00
-8.060517260628627056e+00
-6.651973168519897506e+00
1.330178984128412401e+00
-3.789588146849805383e+00
2.455160880613736385e+00
-7.707344885112394905e+00
-3.658033544587305563e+00
8.278004869210331407e-01
8.700945914803122960e+00
2.338629585589906412e+00
2.856637708684834021e+00
-4.445983230285016852e+00
6.506947139404205771e+00
3.141007558231203589e+00
-6.596265169231898540e+00
-1.471069775823418357e+00
9.290918787935863676e+00
4.264586153942049762e+00
4.805655284266733496e+00
4.229399513787479137e+00
5.636284606234736927e+00
-3.197993008542909799e+00
-1.039130934791636651e+00
-6.395299841981483269e-02
7.733628049776950508e-01
2.557802436342617280e+00
-1.940540459065826395e+00
7.332686420571470798e+00
1.164333619403929987e+00
2.872505718523395313e+00
1.622306078173824995e+00
5.376290653077354875e+00
4.522420130552712969e+00
-3.842354957681688887e+00
-1.008518902321254274e+01
2.288802001766726768e+00
4.877878354928219196e+00
-2.052649192200096451e+00
5.963491768813124594e+00
-8.276184470738154886e+00
9.768749450231082321e+00
2.812153016775541303e+00
-1.097428719053950008e+00
-9.665651613797927588e-01
-7.295515719755454320e+00
-6.666313245931079656e+00
8.614396407630101393e+00
4.969741160792840340e+00
-3.461661694819013313e+00
-2.993832100167429289e+00
-4.075034859983110991e+00
8.092713213596908872e+00
-5.006910144319244971e+00
-2.140228632869405345e+00
4.472347006444953976e+00
6.390503367585171901e-01
-8.472947787918185814e-01
-1.679734835269650395e+00
-8.509475719489433487e+00
