3.905605426468144792e+00
8.551134851960382477e-01
-3.601474946917228692e+00
-2.441146732569413391e+00
5.734778384481033164e+00
3.144283627925915425e+00
2.706812912164119123e+00
2.457328199317930784e-01
-3.808953160836532348e+00
-3.394521550153750677e+00
4.001764286046367580e+00
-7.752722147313124701e-01
6.935403443769259102e-01
-1.247939754981989002e-01
-5.294000598319673401e+00
-3.906484288225613000e+00
8.621386505883235074e-01
-4.356370939104740714e+00
1.643436954142811546e+00
-1.235253326702268062e-02
2.700157935327242686e+00
-3.662882412209612415e+00
-2.344135617216684064e+00
3.428174275676427740e-01
5.961419482468949260e-01
1.393409322441523157e+00
5.333070916336597911e+00
1.273947145360199373e+00
1.288001713358451816e+00
5.112192491854112397e+00
-3.864168195025056818e+00
-1.774026088475966212e+00
2.594869203950554759e+00
-2.647173131061840046e+00
1.582582484885962648e-01
2.170376874485005381e+00
-1.415813347668078759e+00
1.799453415278714941e+00
-6.483867041992917857e-01
-4.891990657285008481e+00
3.943509197766736918e+00
2.357079408933646647e+00
1.577538828298165496e+00
-6.300333271927260892e-01
-3.591689935240274689e+00
-4.207743599568120274e+00
-4.877857815127210062e-01
-8.356856741385207954e-01
-1.392878192024513906e+00
-1.169808592780807510e+00
-1.808694765060831822e+00
2.582136682924188964e+00
1.558864134073962016e-01
3.749356749207795936e+00
2.360183343363676745e+00
1.133005973503567354e+00
-2.315088650337002285e+00
-1.300244180977030428e-01
5.746571753498758817e+00
1.169411519840858560e+00
-2.758642215078021653e+00
2.485404032289012743e+00
-5.868272070671715079e-02
-6.373061065115487978e+00
5.756874731084589136e-01
7.188737465062600140e-02
-5.779060760325431811e-01
-2.590629461893143581e+00
8.723783387957049218e-01
-4.052296289745375368e+00
-1.276055563635180690e+00
-4.410680804245012965e+00
3.013566052532808293e+00
-4.587016009377701486e+00
1.713780689519989409e+00
7.070515059217667986e-01
-1.847747820995471857e+00
-2.716794431028707102e+00
5.912818294839468081e-01
-1.647549463331555164e-01
2.385782010406849452e+00
-3.686569810554913840e-01
-4.433922801479558196e+00
-7.812847564159851599e-01
-1.726903560554297057e+00
2.616202086758275591e+00
5.112257979113713269e+00
-5.815722616910667941e-01
-5.599308919378891858e+00
6.015404139039772780e-01
-3.078804461467239406e+00
4.510020922267948151e+00
2.512149776830085113e+00
5.568699992121707076e+00
2.402892061505050858e+00
-5.153608980620663971e+00
1.810755310073082658e+00
-2.076666921063037741e+00
-9.948487138715675915e-01
2.049713626577587267e+00
-3.132466193634499074e+00
-1.637768674609248798e+00
-1.364845074339004816e+00
-2.143528030403115903e+00
7.720833823276989083e-01
5.119535095144856385e+00
-6.917449408473151706e+00
9.039281999915487198e-01
4.733668770124935254e-01
-9.241728232071571014e-01
-6.598538142976976495e+00
5.804489767421813440e+00
1.687612795309202163e+00
1.071147854489549633e+00
3.083150468886558748e+00
-2.306895875730456957e+00
-1.457582922476811371e-01
3.541837183994529514e+00
-5.759242473959886865e-01
7.428425646731124932e-01
3.913661634287357582e+00
-7.676261474753738323e-01
1.267810051031660556e+00
3.156969858603593804e-01
4.766063148557425078e-01
-2.925498498021609439e+00
1.548198523536694182e+00
-2.402629901587320038e+00
3.183238629428202238e-01
9.743980246000749634e-02
5.653839552704866378e+00
3.354873738427880392e-01
3.799062392990698367e+00
2.970945367430898543e+00
4.318103595452066124e+00
5.156796223807983637e+00
1.935858456011863904e+00
1.264129827700051001e+00
-5.870001320455076055e-02
7.802045177259775421e-02
-2.043227814376205043e+00
-1.443149623884830257e+00
-3.058092258858807755e-02
-3.299022299862758967e+00
4.723162891443114297e+00
7.155553949959314153e+00
-2.529129869020787957e+00
2.923527863775368107e+00
-6.873636364356909390e+00
-1.457543134857306188e-01
-5.509389526178547491e-01
3.069536277939655999e+00
-1.649228574536945269e+00
-4.717909253109053291e-01
3.577321889353394901e+00
2.208374831532973204e+00
-7.941070671355475730e-01
-1.180728928282356094e+00
2.232498722341812236e+00
-1.892919258066112054e+00
2.532210037498825450e+00
3.620079565946701550e+00
-3.237146494378543293e-01
2.785070234423475899e+00
-2.247391894237903642e+00
5.687712586421724698e-02
-1.056518385725646159e+00
4.009659707783192140e+00
-4.040642691366937100e+00
-1.334347094968589609e+00
2.711196789264879836e+00
-3.033058511869965113e+00
2.011767744564228799e+00
-2.751608132876951274e+00
2.561795499960477507e-01
3.052255758287988563e+00
-1.109789790280034882e+00
4.321389675763937177e+00
4.020887873408158342e+00
2.659726858338906652e-02
-1.635356670579275695e+00
3.616960369371620132e-01
-2.684745833962124184e+00
-3.765594130412961871e+00
-1.141508943823992928e+00
-2.468759809002193606e+00
-2.995817837922244653e+00
-8.839369189221460976e-01
3.915819763933901854e+00
-5.739100980779044292e+00
1.907047636730326401e+00
-2.642489811480316364e-01
4.132179580880603886e-01
-7.350217409385352285e-01
-7.973472566860502209e-01
3.216968133225182047e+00
-3.739173911724557264e+00
-6.415529712856232747e-01
-8.372111556454179260e-01
2.889804936713461281e+00
-2.292259197771620294e-01
-3.542943528187127988e-01
3.607503580629134010e+00
-3.178004325356535098e+00
8.311398185986758058e-01
-4.457255152563109668e+00
8.487806478367087237e+00
1.142919125075789744e-01
-5.356051140241805619e+00
-3.602885803715547564e+00
3.951935695926255043e+00
1.527691196302288112e+00
-2.389602302682928059e+00
4.901908067929613644e+00
2.176584066443394860e+00
5.953328581273170883e+00
1.339671355531380836e+00
1.885921830431537938e+00
-1.781701360407584200e+00
2.279903394311488363e+00
-2.755289947001566375e+00
-1.091340369695083246e-01
-4.434374271535133083e+00
2.158588291841152085e+00
3.643316309689620613e+00
-5.816176250354739174e+00
4.669976650976386701e+00
1.825556551075691480e+00
1.979358061590164475e+00
3.035743761784811312e+00
8.207848359618274969e-01
-7.060373889664230962e-01
7.407999014750932254e-01
-1.040637166488774357e+00
3.112237119523427076e+00
5.599404994342132014e+00
4.196480317934120352e-01
-6.919989663581391781e-01
3.242435566612595910e+00
-2.332354207626445852e+00
-6.295796821184173275e+00
4.031960690229274391e+00
3.383041554918937877e+00
4.742964579262300973e+00
4.362980726168987466e+00
-2.668418541118064091e+00
3.684248615560309581e+00
7.647501288452253076e-01
5.142351717932943655e-01
-1.142363019618440612e-01
-1.865102796525399009e+00
-9.182739356023339461e-01
9.976769640422284979e-01
-1.006991368299053669e+00
7.893916306749920730e-01
2.043695813832318464e+00
-1.801168085907423499e+00
-2.069009376766027142e+00
-5.939539983953546098e+00
1.738768572920251554e+00
2.303744624453109235e+00
-1.099166288497660293e+00
-1.474361611223961477e+00
9.973334560174780261e-01
1.837003552574076659e+00
