-3.065090882875296963e+00
-1.898375941581873505e-01
-1.925680191550407150e+00
-2.388996518421042659e+00
-1.920551876588555418e+00
4.522754125954231430e-01
-6.817796736846828409e-01
3.182396127810251940e+00
-3.194287818949067326e+00
5.337605751354543848e-01
-3.058112471397544940e-02
1.309835855301406671e-01
-2.617933106513820718e+00
-2.297806126188055575e-01
-3.762089530726664854e+00
8.469988304224049802e-01
-3.119276193207928927e+00
-1.458868129879524300e+00
-8.210496285192903088e-02
3.664742091722110295e+00
4.176132292638710553e+00
-3.320661105597756624e+00
2.082250041979153199e+00
1.529937909866780466e+00
-6.756032152228793608e-01
-2.204737528376253586e+00
-2.130931476054207518e+00
-3.516783417797083366e+00
-3.367125497816684465e+00
2.070907826488147307e+00
1.296326762222453022e+00
4.289956247553039503e-01
-8.997847139351300427e-01
4.126652977424204671e+00
4.345710712310225432e+00
1.407827780880702040e+00
3.846900789733401105e+00
2.011249635544076320e+00
-6.357247237594871869e-01
-4.312658532207755968e-01
1.701879729964614896e+00
4.936933805527188746e+00
1.905652612763170106e+00
-1.032339634424305208e+00
-1.556237689307881311e+00
-1.500333374274150033e+00
3.082760198035841448e+00
-1.820525386956611147e+00
2.423672928796827275e+00
-2.957962797304683478e-01
-6.062979037886000455e-01
6.025468260782763430e+00
4.962306094266249801e+00
3.575394031275465068e-01
-3.859112360118903684e+00
-1.370006136890514981e+00
-2.192351389696427511e+00
-8.715851853944265315e-01
-2.595873414377752653e+00
4.041724132053550633e+00
-3.085390124986103544e+00
3.993000069087521808e+00
-5.887896180823137371e+00
-1.882541620541075211e+00
-1.003449923723910286e+00
1.088931117069654064e+00
-1.810198765218500316e-01
-3.814686397524233996e-01
3.832174808314940950e+00
4.862455331190734142e+00
3.079177999792391818e-01
-5.240731148349765389e-01
-3.229721414797031898e+00
4.723665077123320621e+00
-2.142240105249129556e+00
2.042129131435147293e+00
-8.585857404818587613e-01
1.999558516492129234e+00
-1.729049394473830326e+00
9.359482008007501408e-01
4.341739263000565785e-01
1.222153507678902074e+00
1.294789667222445040e+00
-2.454587683638735474e+00
-2.736708799670917180e-01
4.807386169280544408e+00
-3.357981799185307814e+00
7.408398145100536514e-02
-4.801073838657554660e-01
-2.344306025600234822e+00
-3.531489007256216617e-01
2.568282470215826896e-01
-1.708877221112379274e+00
-1.526125043024923800e+00
-1.817943316021031874e+00
1.376447185860058875e+00
1.933344696449245337e+00
-3.548526360536242485e+00
-1.941515286722983902e+00
2.758340670978598475e+00
-5.069771646036326906e+00
3.937448652669904625e+00
-3.602021604625684326e+00
1.940415551719414378e-01
-3.048128438631716453e-01
3.954211251144431394e+00
-7.354661173833787480e-01
-1.202204697081564966e+00
3.627812603208239395e+00
-2.216214196238233569e+00
1.064708320101733330e+00
4.117534238293332649e+00
2.402456235669226725e+00
-6.305338266623736754e-01
1.942646824888409451e+00
9.421457890144839808e-01
-1.126199258074440102e-01
-3.728324325025649255e-01
2.693006307995058357e+00
-5.187358693535732534e+00
2.257569813687696492e+00
1.694145297970685693e+00
3.115415844457462669e+00
-1.940960400952666198e+00
8.767389964848542050e-01
1.686920419368941881e-01
1.247937009318963897e+00
1.002890768021720280e+00
-2.131518669862694448e+00
-1.352319855059124221e+00
1.386704871584232279e-02
2.019243914547144136e-01
4.116416048370525438e+00
1.470409506623672868e+00
-2.088648542148905385e+00
-4.217128384686220421e+00
2.312704360272446635e+00
9.995192404295145661e-01
3.237098674966752299e+00
-9.751825301914182065e-01
-4.626289049911436191e-01
-1.716555464628777949e+00
6.765061528100163590e-01
-6.055814919303019295e+00
2.770506068168980818e-01
-5.991965415537583439e-01
1.027009077240794488e+00
5.235379428971041804e+00
4.297726343701020468e+00
9.914002138173527712e-02
-2.639374176182482934e+00
-1.725785757637128048e+00
-4.367343472161325124e+00
-2.179713728242914872e+00
5.230004204114145239e+00
2.962028202847055702e+00
4.458017247736878019e+00
-1.697716570990007723e+00
4.095197228277228874e+00
-7.586407012690168372e-01
3.071644931224443376e+00
6.246110795718298192e-01
3.019489987573648726e+00
3.223614182720583088e+00
1.197948372293431429e+00
-1.079977972277485598e+00
2.382743813218148876e-01
1.753683881594978455e+00
-2.918174977298856110e+00
7.719922659485926042e-01
4.442249683045665920e-01
2.548844566458158489e+00
3.040481722350696803e+00
-2.969441413633117088e-02
1.833426590882647034e+00
-1.096113365640813520e+00
9.322865244146373298e-01
-1.688985232606825537e+00
-3.670218967732219895e+00
-3.516513454420603146e+00
-3.456959207585406091e-01
9.816101013307341194e-01
2.164477818744718896e+00
3.408445237335865130e+00
-6.202669508120166597e-01
2.354822253062827553e+00
2.011976891698251890e+00
5.543988445078515959e-01
2.516085094794769716e+00
-7.627431798560424525e-02
-3.032666781566419889e+00
-7.438088867202565790e-01
3.462006212807869909e-01
-1.238178921833488211e+00
3.558050763066087363e-01
1.938663866149313186e+00
-2.223264905785072632e+00
-2.515102677839016199e+00
2.525839026676693688e+00
-1.176734068048560511e+00
-1.615225143133232955e+00
2.747986549021351088e+00
-4.479627412607956494e+00
8.486175472770574046e-01
-3.331367167985919142e-01
4.225179100518086983e+00
1.370258446163378441e+00
-2.352943165262089131e-02
-2.298728996891578724e+00
-3.417625640044537061e+00
1.118595387684818476e+00
-1.300829062833921412e+00
3.830081277375238624e+00
-5.694624358107922557e-01
5.302118889403389268e+00
-1.566662639563178194e+00
1.655299933944980983e+00
-2.097230242769751563e+00
-1.585287683055100816e+00
5.336578429545669522e+00
2.343211859726805901e-01
-3.029317116006071675e+00
6.133139560147946590e-01
5.364799935271076237e-01
3.711962887514882681e+00
2.042651579473891310e+00
5.678203537898973252e+00
7.487561629877002023e-01
3.795151637223096230e+00
1.777524161614545406e+00
-5.546587006795127284e-01
8.201512450933594600e-01
6.121071330300857483e+00
9.118737252840359853e-01
1.590237386512189044e+00
-6.971231087910989555e-01
2.491396046341291637e+00
-4.885108009081071678e-01
-1.709974315889165597e-01
-2.189691283085696050e+00
1.136798693068574728e-01
1.284806062501570034e+00
-1.353810871308600561e-01
1.427679300971879117e-01
2.489250100857169024e+00
-2.238590520101814807e+00
3.351645062733861646e+00
-3.043422595639751371e+00
2.210416017040328196e+00
-1.628857076881639276e+00
-1.769585296039582367e+00
-3.933669506187830400e+00
-5.060975887992106514e+00
9.643977857478147619e-01
9.214965036497737572e-01
-2.405874655026921438e+00
2.603658591608589479e+00
-9.725773696673047919e-01
-1.594212155121211616e+00
-1.856212159317596866e+00
-4.510662120830422062e-02
-2.823677523510063736e+00
-4.359099799957551369e+00
-3.776103647710764122e+00
2.572148041129705298e+00
