-1.144713914831578805e-01
-1.632088375983125061e+00
-4.968744613467613647e+00
1.820221210180910765e+00
2.915022692650626190e-02
-4.012642753233451876e-01
6.222869746917928602e+00
-1.510554854858578544e+00
5.532572486629081077e+00
5.802995812093235672e-01
3.299624452568653332e+00
-6.748168685723656246e+00
-3.996911579011927618e+00
4.903837574185956782e+00
1.004801470809297825e-01
1.617013917820756763e+00
9.354039754423925102e-01
2.178182045220681928e+00
-7.490678427468204781e-01
4.981085441620447973e+00
-5.718284195088315869e+00
-7.093052858345042511e-01
4.280814323928868070e+00
-4.890298535853155215e+00
6.621686436953495125e+00
2.151276179468782690e+00
2.817720223518357603e+00
3.326221556854844330e+00
-5.309463373725773039e+00
-5.080725658190279326e+00
1.915813340147150434e+00
2.257140628889260370e+00
-3.508981372994422365e+00
-1.855005074102354490e+00
1.699946450135263465e-01
-1.240895066684361892e+00
6.320103969622143936e+00
1.013844835157685642e+00
-6.185280623552566581e+00
-2.981159787634237279e+00
1.114723290998988814e+00
-3.287276039862871979e+00
-6.999391646300918701e-01
-1.964700448018437129e-01
2.257673898712233118e+00
1.384254045296413604e+00
-4.090713573695512473e+00
5.874398774662954459e+00
-5.430763943880965172e-01
3.827452062588938997e+00
5.180989373058231706e+00
1.298265493101588230e+00
-3.008523296227997967e+00
-6.622870448742078642e-01
1.906033751582285607e+00
-5.042477502042741477e+00
3.938470742152435200e+00
4.891964740875854312e-01
5.595610224011177358e+00
-1.005913461971246647e+00
4.746898506806098705e-01
1.041158062257937278e+00
2.453384811933645437e+00
1.527457307137116693e-01
-1.291016417827864693e+00
-4.655885828887429412e-01
1.651532849331955877e-01
-4.783751997921879884e+00
-1.587889609283094750e+00
-4.902838593605123307e-01
6.263043927702878655e+00
-5.512775730990300271e-01
8.065902014079955329e-01
-1.127276809890078724e+00
-1.256484076512548453e+00
-2.605627056953274678e-01
1.120513784747631858e+00
6.347642628684516453e+00
3.359820764939540183e+00
2.782170382856521407e+00
-1.665670837894742018e+00
-2.928975644874391993e+00
5.293763879338451162e+00
7.923038089940122930e+00
4.918848915446851322e+00
-4.251540354813371891e+00
-4.586365562604163060e+00
-1.474956989107635952e+00
1.040571367184479845e+00
-1.997052844059477028e+00
5.478905841525874010e+00
-5.551087221844365871e+00
-2.163250966194544045e+00
4.778359276035292424e+00
-2.809011531884124224e+00
-1.448177107403113562e-01
-6.995475968912813869e+00
1.135751118698077766e+00
-3.527214797187310680e+00
6.655611998248811556e-02
-1.934984704743093697e+00
8.723070241991777163e-01
3.873246070272331920e+00
-2.902615423777469061e+00
3.688649256394874065e+00
3.399943070057753758e-02
-2.841441777050336626e+00
3.007025108315025896e+00
-6.808382680171796153e+00
-2.342689418903762366e+00
2.703376790272211672e-01
-6.215439921239898524e+00
-2.029310891331492783e+00
2.582623335467681969e-02
3.426174502032297120e+00
5.802666949250646411e+00
-4.776909525501844556e-01
2.929798775211820416e+00
-1.581919837061492418e+00
-9.641319480887451387e-01
6.800912048519387465e-01
9.292328873093951280e-01
-1.836045693372381660e+00
2.662969936190103581e+00
1.231394143490254223e-01
-1.156186625453339945e+00
2.897430096193502891e+00
2.385458153304669260e-01
-6.514379928906829376e-01
2.940108657670505443e-01
4.919071656277974602e-01
-1.527090684465016057e+00
7.154328911910350364e+00
3.792054904667304882e+00
5.508856347863613223e+00
2.861791152706756769e+00
-1.953813998750117964e+00
3.135935969834943382e+00
-2.583469079164143256e+00
-1.650586208682792710e-01
2.410021046103872244e+00
-6.704756759444656655e-01
-2.455090235785441166e+00
3.383305585570648422e-01
-4.557335218460782045e+00
-4.678347649450746104e+00
4.245040451379887614e+00
2.651503136444716802e+00
9.011027351294522703e-01
3.460588355273621186e+00
-2.866176386018323141e-01
9.481553340369504035e-01
-9.361833576566115367e-01
5.012343915101355130e+00
4.382923197240886637e+00
4.095281868961925809e-01
2.431490725503041350e+00
1.513324336131873782e+00
-1.062740843198023866e+00
-3.634567408181913706e+00
-7.711842657675463397e-02
3.475001580758766195e+00
1.195557275962045196e+00
-5.659782659142997829e+00
1.498983033278951993e+00
4.696458419327462330e+00
-5.203101920731507235e+00
2.086573450019121534e+00
-2.213299948826819907e+00
-2.298709700975279269e+00
-6.446338171583605003e+00
7.704337505183251888e-01
-4.948019634781174680e+00
4.327394478850859372e+00
-2.545472038815816962e+00
-2.185966920210150377e+00
3.591215146351647292e+00
-1.225776926569426939e+00
-8.149400442848739878e-01
2.454464802176026250e+00
1.532766884561555409e+00
-6.360263166699360315e-01
-3.485690194581174239e+00
6.059143798683737536e+00
3.565188141751539419e+00
-3.005967204665141446e-01
-2.567964380759062859e+00
-4.449364422899234839e+00
1.571343698859107185e+00
2.774182794985116995e+00
-1.080050948698889624e+00
4.457179630795081060e+00
4.978420138323022215e+00
-1.318279318594250960e-01
-1.994656762999424959e-01
5.808459190312484921e+00
-5.922794530142294178e+00
-2.900557507677517410e+00
1.259540666226864891e-01
-2.244943027328977880e+00
-3.857202009206260218e+00
5.009440906249938763e+00
-7.743675258709705744e+00
-2.670691200779466978e+00
-4.444007434353998143e-01
-3.037444886804058886e+00
-4.121358684724665267e-01
4.348357958792465894e+00
-3.618637365291202723e+00
3.928104565276948623e+00
2.009254605024799467e+00
4.797668556885412272e+00
-5.536950565097134458e+00
7.400990136817727105e+00
-9.364407037799491462e-01
-3.761936487245849392e+00
-3.567070290899673868e+00
3.692406500114945533e+00
-2.240863271460666439e+00
3.634080363793285695e+00
2.687625505740652621e+00
-1.716126842989150969e+00
3.518297299200609629e+00
2.403178876929809693e+00
-3.340197362051612551e+00
-1.500189921451186459e+00
4.044800306532449596e+00
5.421351024427570664e+00
-1.958737231139509483e+00
4.469672383277758065e+00
1.182630891409305107e+00
6.861933736625758229e+00
3.134635463772082797e+00
5.389632177221961307e+00
-3.402928953456771044e+00
3.843024522032192358e-01
-3.999928303500951188e+00
7.527242953244650536e-01
4.816660776094192631e-01
9.439502260941107226e-01
-5.457551318960886633e+00
4.267075180253918631e+00
5.970111117988063931e-01
1.844613636638078313e+00
1.688790671352941031e+00
9.935765161589280581e-01
-4.328989818547595014e+00
3.015005744293822953e+00
3.395691031343366362e-01
-8.987028764256451696e-01
-2.722479306692121348e+00
3.114227679605033217e+00
2.093573588011413911e+00
1.210973473648864873e+00
5.758168567568777263e+00
4.547589466634324395e+00
-2.363980085176331514e+00
-3.901520779209633361e+00
-1.006157973987703569e-01
1.530385057996197062e+00
-1.012901117883269642e+00
-3.178906895873459870e+00
2.480722970991572129e+00
2.175390639404397586e+00
-4.659748137863182649e+00
