-2.234903981506896731e+00
2.341946236829973937e+00
4.336041666337545619e-01
-1.529156328904159645e+00
-5.583859373807674942e+00
-1.082776469098743144e+00
5.582412402884746605e-01
-1.901220884056195271e+00
-1.124096840678117548e+00
4.147832666233565391e+00
-2.768684886650689236e+00
-1.013059646987198192e+00
1.405497371278368934e+00
3.213648472234712505e-01
4.553728554978978549e-01
-8.604512434920902342e-01
-1.608798552736863785e+00
1.391975514138420689e+00
-7.573411001128799169e-01
1.663008014152014713e+00
1.886177235057501234e+00
-1.408367403683745911e+00
8.778214195989259006e-01
6.427402583819706861e-01
8.738262505401888092e-01
-1.204407323069663249e+00
9.046549027555458311e-01
2.512590980571958177e+00
3.232408542032926824e-01
-1.897689975936120543e+00
-1.233534543919969639e-01
-1.472115235114787479e+00
-1.070650371686476365e+00
1.195603214581961282e+00
1.596073686643608713e+00
-5.944971269656835755e-01
1.052576991423047392e+00
-2.042052744296669609e+00
2.259026915910788080e+00
8.763972028627229349e-01
-1.823567019152752655e+00
3.675538439356766496e+00
-9.479110836387505401e-01
-8.303379812719127173e-01
2.827342605787026564e+00
-6.214922377805669029e+00
-2.601407921751564434e+00
6.441485396640345140e-01
-1.226309233208549898e+00
4.244262213570282327e-01
-1.591513743587090746e+00
-4.609628196057046212e-01
2.890334174094331132e-01
-4.037670500111238958e+00
1.847263924192524831e+00
-3.346257910605660690e+00
4.609013667054762564e+00
-3.487398183493918946e+00
1.743400778572693710e+00
3.100594245212126232e+00
1.099770311155685132e+00
-2.778451114960944768e-01
2.419070111161197634e+00
6.823126827095548075e-01
1.219420403451147106e+00
-7.670460066341222571e-02
-3.429269779577740263e+00
5.395533024658066168e+00
-2.341162300246740546e+00
9.099151314478051700e-02
3.696576808536143233e+00
-2.425811520601318882e+00
-5.047515378972821765e+00
-3.006164017750454498e+00
-2.322692146710816918e-01
-2.339398474310992737e-01
-1.344033036670982284e+00
-1.826244125705367205e+00
-9.506670155586960380e-01
-3.347423326757703599e-02
-9.857398002337689480e-01
-1.012649939848846437e+00
8.031507877410855034e-01
-2.640050350410938496e+00
-5.003378955320201271e+00
-2.253821869617503859e-01
3.248525576214372990e+00
-3.292411229937636019e+00
3.355005229674120071e-01
2.463291883519867775e-02
1.278908035225952977e+00
-4.416941100097090178e+00
-7.921970652237253496e+00
3.115550350791327361e+00
6.407100110862960385e+00
-9.742365157785609631e-01
2.111772639697266030e+00
-2.600246069810154825e+00
4.643564158324919866e-02
3.163354939237462693e-01
-6.006914153315332516e-01
-8.289064872290605734e-01
7.889278112973631130e-01
-3.942451133593566359e-03
-4.302933416933039656e-01
5.811963462014884563e+00
-3.103502594848255747e+00
3.441822352713517219e+00
-3.915148225339876831e+00
-3.674054750450850282e-01
-9.454354074260128415e-01
-3.827221510712917496e+00
4.715061123205150473e+00
1.179061317457535951e-01
-4.211623053617635115e+00
1.253354120233301783e-01
-3.153068818380441840e+00
2.636281011563598176e-01
3.044102165508410174e+00
-3.008566382649349169e+00
-1.569371632760719892e-01
-1.931538935901689680e+00
1.794958652705709756e+00
-2.183778735068286458e+00
2.226402603318908824e+00
4.161730710680150436e-01
1.420791152978738481e+00
-1.303778711757385134e+00
-3.923380410700385568e+00
-1.799964665576589518e+00
8.679394912447253585e-01
-2.138737324391347006e+00
4.956660008525346939e+00
8.944165629579676757e-01
-2.452826618748186416e+00
-3.269554526185367127e+00
-1.408240417769260899e+00
-3.270262409681238935e+00
2.585672391260007252e+00
-2.647848413417364100e-03
-1.712584924186936419e+00
4.037625502026810365e-01
-6.786998745206705985e-01
-1.745600109523929078e+00
-5.341866950459641217e+00
2.134033052111974804e+00
3.885267929994847158e+00
1.005869094113233997e+00
-2.659386421374180021e+00
-4.406698582483878468e+00
1.119930852904776009e+00
4.783258923910272742e+00
4.541143684737152242e+00
3.728223338316105639e-01
-1.828337685970726767e+00
8.272992740691456071e-01
-8.511309480998840993e-01
-4.572913925270526980e-01
-1.539471702518948881e-01
-3.370672955198195986e+00
5.779228020783295783e+00
-4.854687251638882373e+00
-1.097905397164626429e+00
1.552095778380504776e-01
-3.524029944299005734e+00
-1.675151202411590212e+00
-8.063113088719207067e-01
-3.517483219631003521e+00
6.853077363329888705e+00
6.813673760895919695e-01
-3.453854229943281506e+00
8.748342355660377878e-01
2.859330802740924771e-01
-2.176165566566456988e-02
-2.086317755053800127e+00
-3.073691068819373928e+00
1.560357080596297408e+00
-2.180302981197952406e+00
-1.670201224545995622e+00
2.489735918906203493e-01
-2.307692208722537330e+00
2.247448011153635739e-01
2.315700815019992476e+00
-7.703070675952554680e+00
4.049240304794007095e+00
-2.728371233966158549e+00
4.615272160061141271e-01
-8.028747586686300064e-01
-6.008062602177319800e-01
-3.350013784976448861e-01
3.642521779076511645e+00
-1.743511325334008433e-01
-7.984018364972889081e-02
1.569647091088013147e+00
-6.426892405690921350e+00
-4.889764317650970860e+00
-1.433024086435063849e+00
-9.942387546931573672e-01
1.395031894854782184e+00
2.078315519889260277e-01
-2.486516105396736176e+00
-1.093884328866725708e+00
1.798639040334872874e+00
-1.583812141231219384e+00
-2.228766435498357179e+00
1.433197204764534938e+00
-2.615030726428961838e+00
3.020163133728305915e+00
2.632383960499258269e+00
-1.142920527942003384e+00
-3.591770981223227466e+00
-2.534874051374532478e+00
2.404408333642083839e+00
-4.441182330038105919e-01
-1.014253362397905978e+00
1.092564389807791025e+00
-2.211752952421717211e-01
1.332652551699976762e+00
2.903095013484757736e+00
3.368732723284082908e+00
-2.971964729255857307e+00
-4.270536388704118669e-01
1.223807026692333544e+00
4.420929080554874879e+00
-3.659075172494880679e+00
-5.264941317057683534e+00
3.263365088743085396e-01
1.611182153705112086e+00
5.532222813950953721e+00
2.763178863872186142e+00
8.996304008578228650e-01
5.489397530712197826e-02
3.774453406814357148e+00
7.208549088804078186e-01
-1.356863223210776903e+00
-8.693169892290708578e-01
2.661314620756138005e+00
2.312215380901196105e-01
-9.656737814878959547e-01
2.609337022954905105e+00
-2.555352723792927438e-01
4.136410992086568150e+00
-6.465690965626182951e-01
-8.764659848988920476e-02
-1.302618758832447821e+00
1.341585272317103117e+00
1.067930160819053897e+00
-5.769343654779928166e+00
1.340411821065929932e+00
2.194380817332044042e+00
3.165015164842483575e+00
-1.800005138420316952e-01
2.485108545454544071e+00
1.844744580780501853e+00
2.135582810081114724e-01
-7.956038571325477982e+00
-1.315566357418447518e+00
-5.083435717687452282e-01
2.329278964504213789e+00
-4.648327180019864002e+00
-4.139760963978316166e-01
8.188530713340735900e-02
2.486548170130968849e-01
-5.785619643292706726e+00
-5.147092298723570991e+00
