-1.822892353482396421e+00
-4.202766163012878309e+00
4.904675024165883190e-01
-3.066463466934187920e+00
-1.187875317509515583e+00
-4.763223093852329448e+00
-4.625320280153198960e-01
-1.680645637032757822e+00
2.406168198506442868e-01
2.029853067107159958e+00
1.967481661468648557e+00
3.871893068872576116e+00
-1.286188262454744269e+00
-1.492666752073400271e+00
2.473350901222177711e+00
-1.691526556475118515e+00
1.425822207285195597e+00
-2.831362616771619933e+00
-6.611253372033636388e-01
-2.692696960905505144e-01
2.872425967894141063e+00
-2.029776308454923406e+00
2.504715442160375449e+00
-5.327307154406371037e-01
-4.018406059535732933e-01
3.875213082783614205e+00
4.279341609610226582e-02
-2.892894496489960332e+00
4.237284308012084999e+00
1.789257527342522636e-01
-2.052959495646290655e+00
1.480850320157076627e+00
-1.826385732975380538e+00
-8.051597771883484134e-01
4.449954543368928039e-01
4.060859514776968382e+00
2.319212218617594523e+00
2.014033605567932206e+00
2.192510706602575965e+00
-1.850729116578586186e+00
7.582744059960775385e-01
-1.143371029648699633e+00
3.453297769763265634e+00
2.470485339473161179e+00
-2.401301852460703934e+00
-7.799702140614684920e-01
1.583609060865045937e+00
-1.616554289480648388e+00
-1.459925252110841676e+00
9.919005135126873762e-01
-2.337404225605030472e+00
1.418936983912688188e+00
1.866512717208961947e+00
-3.158374353663890299e-01
2.429172997098287379e+00
-1.115067099360182112e+00
-6.478710919207815166e-01
1.789358181642578094e+00
2.039567135329450664e+00
2.371449658505712321e+00
-3.445388660396808689e-01
-2.032210483615409569e+00
1.859750586771121039e+00
-4.006072589042865673e+00
4.900046573243650450e-01
1.864698325550860236e+00
1.756337640465403638e+00
-5.521283481643502355e+00
-1.185250856544205478e+00
3.645221481032974609e+00
1.199511089928815499e+00
-1.702713314290565938e+00
-7.007452953268464846e-01
-2.079077483583421593e+00
-1.649760232001509674e+00
-7.261587911662239492e+00
-7.060873140728917141e-01
5.755572287710701840e-01
6.302470206451449286e-02
3.471815043102400189e+00
-1.288713228351584084e+00
-6.133366899581794707e-01
1.026945494946274628e+00
-2.534783769513805129e+00
-1.179475715861546536e+00
4.621392789358091946e-02
-2.662444830532005646e+00
-4.694001961180995219e-01
9.386855870946871905e-01
2.201721072481292119e+00
2.330699222933791948e+00
-1.099177495103373037e+00
4.120431808272769558e+00
-4.253236499578957108e+00
4.891362952494771044e-01
-2.997743968073434573e+00
4.496684165969345059e+00
9.592390153369185768e-01
-2.677347990903114372e+00
-1.049343277737539548e+00
5.187457103353091625e+00
3.537189169524177501e+00
-1.602446602569831180e+00
-1.328885565880264741e+00
2.401377426187401909e+00
-1.426381530746581028e-01
2.333801187975303115e+00
-9.305721779274944705e-01
-2.423009344264434706e+00
-3.764624082336188948e+00
-3.334014192147849442e-02
-5.785617598507404313e-01
-3.581153299427117798e+00
6.797664157729581547e-01
-2.776629796065642086e+00
-1.588274278353558167e+00
4.131855820274202173e+00
7.756965236809554298e-02
5.405018348688004348e-01
3.679154197562795048e-02
6.297722190981884793e-01
2.598864551891843178e+00
-6.292797622247925382e-01
4.694250344299873978e-01
3.300477057982969420e+00
1.508155160560390229e+00
-1.176697685334830989e+00
4.140328943835049458e+00
-4.028266620677189991e+00
-1.431634799083681298e+00
2.362942321415132607e+00
2.177681461561114418e+00
1.398418314691024067e+00
2.963818744707133135e+00
8.718703861133882960e-01
2.378355752278187296e-01
4.281429579339424141e-02
3.187363242681684028e+00
-3.629492261043368861e-01
5.417137561912985788e-01
3.651537692961252191e+00
-5.459417621307474100e-01
-1.178440245175804479e+00
3.214268472790751674e-01
-1.679785912144444726e-01
4.177994608726663728e+00
-8.142956390811667555e-01
2.099747040757023786e+00
-2.149690444688443502e-01
9.712824582645583904e-01
-3.093994049012724457e+00
-4.728995322636857512e-01
9.360672539063283892e-01
-1.913213095675510234e+00
1.233334233503621258e+00
1.268183523875912877e-01
4.806952015422612412e+00
-3.890207791829568329e+00
4.781344274769592673e+00
-1.193447320110894605e+00
-1.620509086135420773e+00
4.225017995246349578e+00
1.261046842969078652e+00
-1.878343636749638446e+00
2.147912178653228921e+00
5.093727406202290808e+00
-1.262797004912654675e-01
-3.097808966286932808e+00
9.382845031527697888e-01
-3.313632468875296944e+00
-3.169081410170224267e+00
-1.144053868813846409e+00
-6.140877381407328084e-01
3.531027835024594275e+00
-3.815628941002502827e+00
1.385562617798807405e+00
5.903615857727193550e+00
3.704402537598291634e+00
1.413754220224794578e+00
4.426282925609039687e+00
5.027640262328072041e+00
6.735968077402390009e+00
1.074649121136879160e-01
1.582996946893699519e+00
-2.461974257108704656e+00
2.325033849302016620e+00
-3.435589068777802346e+00
-6.753274824514587493e+00
4.164623930667765705e+00
1.753792950641662518e+00
3.664767440745302807e+00
-5.936566144119181931e-01
6.383282798784108536e+00
1.015331236442871266e+00
3.243923687276442980e+00
-2.819561863285656944e+00
-4.579377834249509505e+00
1.606831311973293985e+00
-1.025978056326385168e+00
-7.410476301960293721e-01
-2.740439764985075577e+00
-1.667505103115330067e+00
3.013013523361345314e+00
-2.838915864982205939e+00
-2.930175483426385785e+00
3.320885144770686637e+00
-3.551036958866579774e+00
-2.014612850835476587e-01
-3.023799912304268922e+00
2.668640387442142270e+00
3.708446991688021832e+00
-1.111210926529004439e+00
-2.169602551489582698e+00
4.476752590089035699e+00
4.414531504278397023e+00
-3.017210112470909422e+00
5.760237484818289122e-01
-8.817794458202857788e-01
-1.827660263712446387e+00
-8.478139133859219356e-01
3.142034455474373544e+00
1.182300804255544957e+00
-8.418555720574187606e-02
6.019890215422761592e+00
2.074934135220950715e+00
-2.950768921103991804e+00
9.112474596264883431e-01
2.290712733478511343e+00
3.343204943788562922e+00
-1.673786930732167555e+00
2.066601389269681732e+00
2.944174959984438011e+00
1.605268790684458713e+00
2.785356032492293910e+00
2.754114777467502329e+00
5.525144261832994452e+00
-7.469169692185685383e-01
-1.418970703319064386e+00
4.025826972600916598e-01
2.415550663383658758e+00
-2.037489681746929904e+00
2.203332479793972620e+00
2.224921839727068473e+00
-2.123627506624141681e-01
-1.024099458005897079e+00
1.104001713417766872e+00
-8.469093608682052299e-01
-5.109200391448808221e-01
-4.164551676689232096e-01
4.314095519166577297e+00
-2.463180615984730260e-01
8.993124109685837198e-01
1.115036323026300291e+00
4.194197987617389600e+00
-5.590246938514098041e+00
-7.414403436392532631e-01
2.092706809218046526e+00
-7.334434736017532153e-01
2.232377702282850596e+00
-2.413974235039358707e+00
-1.768449097490514266e+00
-1.078870154311230900e+00
-2.832275058769028409e+00
5.392461206770932103e-01
5.652136639480498381e-01
