1.713605638612613280e+00
3.021566600480744214e+00
-4.110722470745649559e+00
-2.229150556267942562e+00
-5.553154850434232070e-01
-5.077098846174402880e+00
4.670169689016257841e+00
-4.795156733541068306e-01
1.226886794917392276e+00
-1.173510978462607657e+00
-1.968027954448175354e+00
1.659989275483408688e+00
-4.445700633321272299e+00
4.383795771729639412e-01
-3.546932270263769560e-01
4.118319987730615139e+00
-2.823758786106377983e+00
2.616001602556464523e+00
1.256715222972265789e+00
-8.473746477539982891e-01
2.574927718108934727e+00
9.938016687476177724e-01
4.254595279023151377e+00
1.684577706029145805e+00
4.495969234361425926e+00
3.217855443732922538e+00
-7.282918483100196960e-01
-2.399217608782926892e+00
-1.229756350307223300e+00
2.119929116896536847e+00
4.181809283690474111e+00
-2.275099555983817190e+00
-4.465401536146820227e-01
-2.108987673059585788e+00
1.119341640816713168e+00
-7.484912493459860983e-02
-1.006522694028479270e+00
1.261319526203967367e+00
-6.526265636139747528e-01
1.571759545614236142e+00
-5.196985345313831495e-01
-7.878026791902288384e-01
-2.497165872712332479e-01
-4.052763651723401139e-01
1.788548376509083937e+00
-9.911912271593659174e-01
-3.617451602777575381e+00
6.119798478832461086e-01
-2.832164541666745805e+00
-1.658719548074181649e+00
2.403085085622766570e+00
-1.483279349350574705e+00
-4.261777580391454379e+00
2.127796214883753478e+00
-1.235717922018800152e+00
-1.039183008112711359e+00
4.081570230329480964e+00
2.376851075572741223e+00
2.555360421166125384e+00
4.791442018809377146e+00
4.994890458420035984e-01
2.407344274492565717e+00
5.026216259887369198e+00
5.487517739301283060e-01
1.465787952091791801e+00
1.686445998773782318e+00
1.799914202931609530e+00
-8.557919869312078376e-01
-1.787724030810098341e+00
-3.482656101457220377e+00
1.607244472128968482e+00
-5.943195841853095018e-01
7.279615832106847151e+00
-7.671026331477230897e-01
1.463857274843588074e+00
-1.403067678018017128e+00
7.798341213141785078e-01
-1.547199315733030378e+00
3.031100113673325325e+00
3.440763630544850571e+00
3.281534964422432310e+00
2.113727159249030318e-01
-5.182917831720148527e+00
1.964284002354951486e+00
2.520719469212082675e+00
-1.856260510878357195e+00
-2.791908805386149162e+00
3.932223620035202316e-03
6.110916436044415256e+00
-3.073544563006236352e-02
1.880414698764186987e+00
-7.604655607040977650e-01
9.221415501732074249e-01
-1.808253219419166724e+00
-5.388122548173172710e+00
-1.658484094485479954e+00
-4.168386605524700528e+00
-5.790444131603358358e+00
5.522252475015156037e+00
-3.044668654204201630e+00
-5.741293661850728203e-01
8.508418300012532409e-01
4.823107667197548132e+00
-2.294637520547615939e+00
3.694738214281186650e+00
4.010551605359247596e+00
-1.072443296882499841e-02
-4.678578053546456061e+00
-4.999487583771790589e-01
7.255228142305790717e-01
-3.163079147398726310e+00
7.772128456079339109e-01
2.343394650958020797e+00
3.046875721079016497e+00
3.253322483421334788e-01
1.001889978570535300e+00
2.566646585024752625e+00
2.130906955880769615e+00
-1.986262271702718962e-01
6.082665436827672245e+00
-1.983994471279848515e+00
3.421341789510027542e+00
-8.109151343908296283e-01
1.504671617710493292e+00
-3.950095520552965311e-02
-3.073229706353854507e+00
1.679460416644566134e+00
5.342849500864388368e-01
9.894627022167741259e-01
3.403582819552385619e+00
6.487465621469534760e-01
-6.836329431092014186e-01
-1.499103046715392962e+00
2.634756217661586852e+00
2.124938443762376838e+00
5.390890159186747521e-01
-5.983816112092132933e-01
2.305024906023429576e+00
-9.450207428625201356e-01
2.071073485155533467e-01
6.994543310496914579e-01
1.335449993259002044e+00
-2.199005554132860141e-02
2.460993458969801928e+00
-2.198363482704303262e+00
4.919896107071674685e+00
4.285070672788799939e-01
5.836565493072343180e-01
-3.087704644277227573e+00
1.148586271721496077e+00
3.840052016861539741e+00
-6.237343080227156555e+00
-1.103849319335538759e+00
1.257728961142444923e+00
2.466597836367493635e+00
1.515587757901937227e+00
-2.297170904600959851e+00
-5.115251236716065186e-01
1.966167324425379004e+00
-2.125794211031779568e+00
2.438382555098049798e-01
8.155117288638629169e-01
3.963990107124825801e+00
-1.957714144366408782e+00
-1.274151087120599435e+00
2.199264536844579343e+00
5.207233053379421328e+00
-2.175947516637041446e+00
6.104668128145854133e+00
1.928375340808258009e+00
4.988642058494152653e-02
-2.136489994005538406e+00
-1.445164334971721143e+00
1.074638522704910670e+00
-5.499391407577657098e+00
2.211547104854783008e-01
-2.133428690462634503e+00
-2.717755091093634334e+00
3.265727558781736484e+00
-2.190824134280184854e+00
5.408014519294153111e-01
-7.708964862735578905e-01
1.801486757923670967e-01
5.128407490462158158e+00
2.293666111045938205e+00
-2.647278142119980249e+00
9.474120814178115246e-01
1.390190568213693245e+00
7.498530303152128873e-01
-3.257718293263411447e+00
3.998666603346499482e+00
1.977986835823539735e-01
4.036464103258044389e+00
-2.774760005509393501e+00
1.214218989393937020e+00
-9.719344442893351754e-01
-4.605050532028331034e+00
-5.227944988290158079e+00
-1.210736833271760293e+00
-1.526138808899212052e+00
-1.503202896123987831e+00
1.847792133422593963e+00
4.615270477505733382e+00
9.286972378001978612e-02
4.697692295517500449e-01
2.430533774145586801e+00
-1.797459018902931804e+00
5.228037440143184611e+00
-3.531791467067297852e-01
-3.533050452506707018e+00
1.993173344056972551e+00
2.270970314166597781e+00
-1.744197278241710336e+00
2.429205310763831172e+00
-1.075095434834053787e+00
-8.480033458453395401e-01
-3.383830460033622423e+00
2.269540188400652525e+00
1.921729892715926979e+00
2.715497210120037530e-01
-3.286778259757632270e+00
-1.486157031921402583e+00
-5.147810815791347139e-01
1.361736921398935429e+00
1.714484884511874752e+00
-4.189847939553472678e+00
3.082352149735393176e+00
-2.794576964036341593e+00
2.533005553266470589e+00
-1.256683034666046250e+00
-1.537885944157746376e+00
4.593392929282186898e+00
3.433943497474510220e+00
4.780599144965825609e+00
3.645347849451251232e+00
-8.893566916633277586e-02
5.862173820515210743e-01
-1.317578146520049120e+00
1.400004013327585284e+00
-2.217994936199148892e+00
-3.074403483562739403e+00
-2.098394215182576961e+00
5.763130836181519001e+00
5.917008231330007639e-01
4.005410630696502050e-01
2.563347343456908956e+00
-2.215056100314968468e+00
3.302957601453711423e+00
1.770335984388917039e+00
8.524268834730313049e-01
2.387275647617781438e+00
4.650370521779070287e-01
6.300837847848012707e+00
-1.824703210712277368e+00
-8.456805425120595965e-01
-3.668462913406348669e+00
-2.882221299425389738e+00
1.215544138280373110e+00
7.674269913377812502e-01
5.137197052242735040e+00
3.838113266329100881e+00
-1.133988489271220423e+00
1.819663788819929628e+00
-5.514851877757273035e-01
-1.959376709893131174e+00
