-1.955679882042717255e+00
4.842027750493307359e+00
5.043538033194463921e+00
1.302039286275595398e+00
-3.276903172102993977e+00
-6.420291129258083318e-01
4.652630287361059658e+00
2.986596644433864967e+00
-1.497733565831972813e+00
-2.387173639288381999e+00
3.671112545438017793e-01
-4.594502959810280451e+00
-1.690126238793098867e+00
4.232564950715980157e-01
5.051929770441760947e-01
2.352249140779468561e+00
-2.930069369089586484e+00
-1.462009065117638729e+00
-3.489802921090590648e-01
-9.312839981637817122e-01
-3.060174958840465642e+00
5.983178665742721059e-01
1.643867667305177971e+00
-3.481671080084949743e+00
-3.937444384626269112e-01
-9.760679252880342105e-01
5.504261763896973747e+00
-4.109542747988601086e+00
-4.140844551218883396e+00
3.851514394853742806e-01
-2.497830058551786178e-03
7.102742033213262918e-01
3.530893534399672795e-01
-3.051656364969780988e+00
3.557064799521943765e+00
3.359882688265494632e+00
-2.322614485933443884e+00
-3.141854802909525901e+00
-1.010681181078443069e+00
-2.947949463889889543e+00
1.434042084271884177e+00
8.442006347113064635e-01
3.551049777965831655e+00
4.934482822171924049e-02
2.412025013585236355e+00
-3.119022756461905521e-01
2.981405628301773358e+00
-4.051845893270678012e+00
3.441359946191798969e+00
3.783302748292721063e+00
-7.260232132163221941e+00
1.195641321830033466e+00
-3.713023591976403193e-01
1.074814898496411208e+00
-2.561114343922975323e+00
1.687928720506178815e+00
2.009459073889496850e-02
-3.887466322758960313e+00
2.449125112913729474e+00
-7.925844987308479084e+00
8.044932750505362051e+00
-3.276879956293739404e+00
5.975364641436684998e+00
-9.943624739329319784e-01
7.675414161140491132e+00
-3.732879969078191529e+00
-1.963424306578366529e+00
-4.351785467452454093e+00
3.014829287216146625e+00
5.247329234360445405e+00
1.793564751683309977e+00
4.602367023103278498e+00
-1.030553369367527283e+00
8.980514225474615086e-01
-2.430326452585148123e-01
-1.643942890262089396e+00
2.823719820733450625e+00
9.324623732060219883e-01
1.081387489007786668e-01
-2.740255489033017966e+00
5.497629656585383273e-01
-2.897931135255136681e+00
-1.906241454541060643e+00
5.363595169587794587e+00
3.986024068696920608e+00
4.812928359741694972e-01
3.414634118531336249e+00
-4.806992206405826251e-01
5.793400709112332514e+00
2.482712106699410004e+00
-5.136553922922494131e+00
-4.048619406907417506e+00
-8.318328727549616275e+00
1.713260771628535850e-01
3.515922853326886255e+00
4.956671631916506726e+00
-5.837185758084892928e-01
-3.960084179836698692e-01
-4.858467665544616843e-01
-2.832182917435289493e+00
-1.418030161814776591e+00
-1.352624957064003208e+00
-1.612902151394896455e+00
1.270977514449818546e+00
4.488452827460520211e+00
-1.537749284081711743e+00
-1.851559421156285579e+00
2.340928307851162238e+00
5.745267403767733150e+00
1.074462979044626287e+00
-5.732678406441202856e-01
-1.567213927331390311e+00
2.831836970988717006e+00
1.455395117868042432e+00
6.867164673174470657e+00
9.155225781540509145e-01
1.151563887751605453e+00
-7.053781476315560184e+00
2.552105959267433333e-01
-8.030681165998133642e-01
-2.726082279788768048e+00
-4.299579361947791334e+00
-3.402714660690330462e+00
2.138004155642813320e+00
4.577051834928275831e+00
2.705045661659902123e+00
-3.811050278841289440e+00
5.324717872470861479e+00
7.516302438935035246e-01
2.165907792343376936e+00
-3.324161079028077559e+00
-1.913267112015729909e-01
1.487194447318463064e+00
-5.248008611112681798e+00
1.024217336247138066e+00
-2.622060406884154649e-01
-8.247258088403739418e-01
-2.586700339553114514e+00
-6.997305862651298503e-01
2.713342687822305255e+00
1.506813020476318599e-01
-5.975456146437601035e+00
1.693119198399501091e+00
2.410600296239795437e+00
1.098682361775235927e+00
-1.793776142373606497e-01
1.115990417342881624e+00
1.297243336497478250e+00
9.700440108508973092e-02
3.808855526752069620e-01
-3.930264974826754187e+00
-7.151405517736544315e-01
-7.208088334603793834e-01
3.185666376325835270e+00
3.478659432611048263e+00
-9.556640367860971264e-01
-5.737062934831814509e+00
1.839729543180356863e+00
-1.093507125709842986e+00
5.973719692391403768e-01
-5.238004606357625548e+00
-2.720433864037177685e+00
2.006076314149310313e+00
-1.126021054482449824e+00
9.715183670925918724e-01
1.687051948045766636e+00
6.238127062277358803e-01
-1.699171788301534036e+00
-3.452119919440467921e+00
9.819695509796643407e+00
2.176163816593296829e+00
1.192218905282728114e+00
3.356508482281713945e+00
4.000233054167225966e+00
-1.779792598048829610e+00
6.813083914476246505e+00
1.735999276447273365e+00
-4.767954021373414092e-02
-4.375919965792531841e+00
6.888441986826004948e-01
3.394106279716033292e+00
2.365702957964018971e+00
-1.636031047543604622e-01
3.034588277134316225e+00
-4.475693988316729488e+00
4.573771923811586149e+00
2.855456186363962257e+00
1.496075919058430292e+00
-3.664495410937960163e+00
-2.771871611781372646e+00
-1.360418918486943962e+00
-4.866729557730338662e+00
4.175021785283279385e+00
2.782057937102557332e+00
-1.234645013929378976e+00
1.491464771211541862e+00
3.622269380024284446e-02
-2.497247753093674305e+00
-2.420724847855407535e+00
-7.068927291201556606e-01
5.156783264283895107e-01
-1.553394366405921545e+00
-2.686617947289891006e+00
5.649636842917046486e+00
-2.923009332887779976e+00
-1.617427667013620063e-01
-1.198007576550818021e+00
2.289995514801246745e+00
1.887067464814407014e+00
3.990162623922248741e+00
-8.784845049288082519e-01
-3.907531359771299950e+00
2.068605323465945833e+00
3.282980573431988347e+00
2.148887604454031708e-01
-5.519722876038978043e+00
-9.919135426307090775e-01
2.791573912749865549e+00
3.957707926920758790e-01
2.466001549429154061e+00
-4.244767156731540370e-01
4.381190291054415376e+00
5.655124465501482511e+00
1.007569051921743952e+00
2.616108820984871741e+00
3.271926894711812306e+00
1.990738977743978122e+00
-6.110659900299305614e-01
2.360317579274896271e+00
1.602348559197180222e+00
5.452916157641193307e-01
-1.927361238722589132e+00
2.431913200359889782e+00
7.543926804935865427e+00
-5.511683010964086860e-01
-4.134858272558470382e+00
3.942863598283016469e+00
5.187110805707138006e-01
2.825447270607504890e+00
-2.671468674127110976e-01
1.770933039648336038e+00
-3.167184099405913056e+00
-1.013025328851988816e+00
1.827469306358555867e+00
-2.072957180798633559e+00
6.888679884420723099e-01
3.920964657459321767e+00
-3.118587262622743328e+00
-2.979057287594346182e+00
-8.816395412748639915e-01
3.976362943539631267e+00
-6.451027534855020562e+00
3.800550574985355201e+00
-1.488175305823203308e-02
-3.566064240236691329e+00
-8.532194358089815189e-01
-5.823441581308171244e+00
-1.745176655558797307e+00
-1.472073839212787227e+00
-7.890952423056341036e-01
-3.969970706793079174e+00
1.537055052056402582e+00
2.398962748249436228e+00
3.344677096596326393e+00
-7.414576417459451951e-01
