1.919515518175452407e+00
-3.312811010901581810e+00
-8.612110955359139064e-01
3.077457177629984164e-01
-2.242315460507142699e+00
2.385562099523801383e+00
2.767937696833207450e+00
-3.075538077968607009e+00
6.480270060873349891e-02
1.855083636613665377e+00
-1.822524942952400639e+00
-1.070671816100814189e+00
-1.496153076090606104e+00
1.956006935886021258e+00
-6.194789822385340372e+00
3.470943198219862413e-01
2.943626411635751061e-02
-8.360350022821900762e-01
2.634897610761446352e+00
-1.096261444419823317e+00
2.635790599857053884e+00
-2.098767376313619704e-01
3.004774057977207757e+00
-3.047584433861811881e+00
3.166878482456009447e+00
9.545752845988034752e-01
2.407639218306870443e+00
1.158562053967938876e+00
5.130348498066386043e-01
-2.019251706466850482e+00
-3.234563986806221259e+00
-2.919408003634651472e+00
-2.564838897645820848e-01
-2.410476326052243934e+00
2.453662078369810651e+00
3.951624043036369160e-01
3.265452100089865639e-01
2.907506935903984679e+00
1.818395499114968672e-01
-7.435427424418758591e+00
-3.419239054638898434e+00
3.422184143501545428e+00
-2.889760613740596895e+00
-1.832631051847753545e+00
4.613975947475084105e+00
1.128532868505577769e+00
6.641216292881936267e-01
-4.272014289295003486e+00
-3.002211388421834215e+00
1.063005629306166711e+00
-4.590480437661883073e+00
-1.113279736504651840e+00
-1.738509927076549610e+00
1.486203583809595719e+00
-2.736806859849064133e-01
-6.933132932504245671e-01
-4.279730846759377538e-01
1.345334416450323645e-01
-1.222075314039952731e+00
-1.037840650005295684e+00
-7.895012235924545596e-01
-6.893047874782931572e-01
-2.421437102416420295e+00
2.393366173105485328e-01
-3.004843064849052503e+00
2.787565193377011141e+00
-6.646461458622174301e-02
2.933570084366424524e+00
-2.003066334551940386e+00
2.137164608049855641e+00
1.586254585189619259e-01
-5.097195069580792159e-01
1.411372494142253187e+00
-7.167730086189884053e-01
-6.146563343146198566e-01
3.187759303240218500e-01
-4.360034468777499228e+00
1.010487678046381177e+00
-1.685715991905065714e+00
-2.045929252070949111e+00
-2.465711889835918158e-01
3.391681092071947567e+00
3.941509210623085568e+00
-3.290022652442677664e+00
-1.762793569849313569e-02
1.400783329160628199e+00
7.749416623405324112e-01
-1.651420134137087325e+00
3.461466676100987350e+00
1.764063101016878077e-01
-3.944453628481882745e+00
1.560997059212787530e+00
-1.725607372863682265e+00
-6.315223787585372284e-01
6.775306000974729015e-01
1.669638436609651944e+00
-8.014669345512424048e-01
4.874327035267761232e+00
4.596105419231775735e-01
-3.808619842131176103e+00
1.059926195728298826e+00
4.678758575156547472e-01
-5.552661877280336000e-01
-5.323068063313520781e-01
3.874622349633555007e+00
6.650980919797476743e-01
-9.199098995934663625e-01
-6.510252574581995577e-02
4.299443756293567453e+00
-1.647227869110972520e+00
2.994928687289554262e-03
4.293805890003781656e+00
-2.187636545446496328e+00
1.877855929277094216e+00
-1.835801033560373163e+00
-2.365371770235341398e+00
1.713658735062452587e+00
-1.335211459877611251e+00
2.027827618397381126e+00
-2.103529564669935681e+00
7.864313200016608690e-03
-4.938006076517087450e+00
-2.371749437080378442e+00
1.654140434006214910e+00
5.209667548215628496e-01
1.315894353559286190e+00
1.198361680863011092e+00
-9.333387199882864360e-01
-1.073210567811068161e+00
-1.465318327824051414e-01
5.638757345770891716e-01
-1.345576477177845565e-01
-1.529066190413982840e+00
7.971668030749601286e-01
2.399200406255363321e-02
-1.957513978288095924e+00
-2.999365866824573956e+00
5.555021324032431984e+00
-4.938147497780153827e+00
-1.712246930205743700e+00
-2.535552733263332637e-01
-1.351764005573740102e+00
4.114797599131050920e-02
-3.195419873143989786e+00
1.779346890818324756e+00
-1.820906965041007020e+00
-3.033075358968392976e+00
-2.360996425056286263e+00
6.635369715127269197e-02
-2.905969666714902644e+00
1.866502186124419982e+00
1.947766636281114128e-01
2.831058665161268362e+00
-1.094869157236017188e+00
4.871988026676604133e-01
1.326713845144884552e+00
-7.767337741485279556e-01
2.359888523107746217e+00
7.513602221223659727e-01
-1.673205726039540320e+00
4.992286030758963378e+00
-2.244749130919640123e+00
1.047843473266271586e+00
3.118885495171211386e-02
-4.006799835450094993e-01
2.000852279132862677e+00
-3.590410120153909812e+00
1.515874559630269180e+00
-1.843964888637520172e+00
-9.057127555221964332e-01
3.473869675998477735e+00
1.404871379914236273e+00
-1.612227633550264105e+00
2.497180670801816937e+00
-8.210654764559128793e-01
-1.565396476272374882e+00
1.296514774537519843e+00
-3.142379297329033427e+00
-1.641264480534176728e+00
-5.170336957647982956e+00
-2.966322754130824163e-02
-2.020019090117899374e+00
6.691534556936429290e-01
-1.144369162726171618e+00
-1.519139557429288079e+00
1.671299682290446009e+00
-1.093233288296826089e+00
-1.956078513237546002e+00
-2.252100114302544309e-01
6.656551831515422624e-01
2.159723265621126487e+00
-1.497227600038219197e+00
2.283350903994898928e+00
1.301873825127974893e+00
1.358606599591812403e+00
1.464325270961544634e+00
-4.611617612935075883e+00
1.981673661476405890e+00
-2.862380170054398931e+00
-1.846154724862722141e+00
-1.974278034758712996e+00
4.407710243884880974e+00
4.077846436714891887e+00
-2.655300916330521233e+00
-1.799381331238432968e-01
2.245349477411048067e+00
8.791368999038544629e-01
1.147132438582476155e+00
1.498508492893589672e+00
4.711410525597471199e+00
-3.275500999413820225e+00
-2.683951388787641501e-01
8.491859067435433284e-01
-2.748109136224691773e-01
5.040221773512779113e-02
-4.477040928404109721e+00
-4.129086890407821508e-01
1.010603917225004311e+00
8.037045252199828127e-01
-4.213663782920832324e-01
-8.783075819352802460e-01
-1.019200068647425628e+00
-2.203294079106862036e+00
-1.650140291527322667e+00
2.226059683222564978e+00
2.901577759873495754e+00
-3.988922711196810855e+00
2.235434335425003916e-01
1.093703313849026859e+00
-2.000056951198164068e+00
-5.172614585585623814e+00
-1.348389700180457895e+00
-2.277959966738984043e+00
-2.173566251271866090e+00
2.436149854653556712e+00
1.861300853498336627e+00
-6.619941050841070540e-01
1.204518775182468637e+00
1.689151471173414132e+00
5.131258784222177738e+00
-3.105035147816627816e+00
4.108039124905104034e-01
-1.148302670782782142e+00
-1.577150585006373562e-01
5.098399479732436568e+00
2.668736491518225229e+00
-3.188861876187897071e+00
-1.437103908611411907e+00
1.112419049818810679e+00
1.424951755468405690e+00
-1.051249159242711340e+00
1.299072930584742824e+00
-1.047981535446384643e-01
9.240314492706941385e-01
1.407625291920405308e+00
6.118203872007597077e-01
9.721898661965534538e-01
-2.891623880786028167e+00
9.929912355974535032e-01
4.086790093088626286e+00
1.207817370029405035e+00
9.309974949434689229e-02
-2.429062006978060406e+00
-1.445129487098889332e+00
-7.830150645406948051e-01
