4.168165481415589291e+00
-1.522936085081086910e+00
1.159272488546235547e+00
2.830147669291277257e+00
2.640839077755054110e+00
-1.816450511423254088e+00
5.829741779513961220e+00
-7.571474507378878727e+00
1.029700876255764008e+00
2.561611860284614739e+00
-2.172213766600266549e+00
1.118318545482638093e+00
2.486006469238959848e+00
1.806684997794891778e-01
3.758156541991214405e-03
-1.817046102907194927e+00
-3.971122494697936212e+00
1.199390001188262334e+00
-3.246777618704574930e+00
-1.328105725879220600e+00
1.392606501489300319e+00
-1.726897010570293656e+00
2.389277590935297901e+00
-8.704867410181127418e-01
-2.146956862925097020e+00
-3.570227428538829795e+00
-1.025682267268457126e+00
2.217946146750124026e+00
2.382189084804506862e-01
-2.732677068812942034e-01
-3.643944609596432294e+00
-1.476450110351918310e+00
9.117068868342101950e-01
1.043514376136086108e+00
4.643983573286858402e-01
2.087082085601906556e+00
-6.173239552763699622e-01
6.206843890153776577e+00
-2.251516015204809040e+00
-3.703558634875525613e-01
-3.707541256844885336e+00
8.330885998859239860e-01
1.835258081833995192e+00
-3.738592609082520557e+00
-8.309180521353147775e-01
1.484208785239614414e+00
-1.386854856651549284e+00
1.450903503801017180e+00
-1.977697676353503686e-01
2.704882141436805165e-01
1.828842039764399630e+00
-1.160428377575981829e+00
-4.028521432453170625e+00
1.117490846205877908e+00
-1.444336089088928521e+00
-2.043929951084552776e+00
-4.917581162129653904e-01
-4.270382067304107743e+00
4.356091036620626245e-01
-1.096948245356715201e+00
-5.514563734068744338e+00
1.238761056631381696e-01
-6.373928500154680599e+00
9.223870231859319091e-01
-3.611703976106375613e+00
2.713028266679521572e+00
-2.194617807962331302e-01
5.378153884421729147e-01
-1.252795070137985078e+00
-1.467917814757750961e-01
-1.284455137385333678e+00
7.513870746409889723e-01
-1.290725348418655161e+00
7.845131555360296272e-01
2.709090005450172978e+00
3.148609545992724801e+00
-4.184987790741520053e-01
-6.892009049198059012e-01
-4.190047535935437217e-01
1.870438968375266908e+00
-3.191983459142873625e-01
1.751175192277714121e+00
8.418814625157911014e-01
4.173204800928145275e-01
-1.861869238823739003e+00
1.789844473280277626e-01
-4.467250019926203741e+00
-2.250211132120872204e+00
-3.947664613675704315e-01
-4.568338729118874397e+00
-5.231303731676764102e+00
-2.346787651467896918e+00
2.275123526801660745e+00
-1.045360806329767467e+00
-4.520995149259887214e+00
2.875562536025354721e+00
1.034689198018122980e+00
-2.063142689161871601e+00
-2.045630258300516147e+00
-2.687258897269508395e+00
4.668352123356873662e+00
1.836907559457195971e+00
2.591601190513798336e+00
-1.924484288513802710e+00
8.706004602014022487e-01
1.770467184286421691e-01
-2.130140454892619495e+00
2.917977463387012360e+00
-3.868643117166579715e-01
-3.529961483812204648e+00
3.688499613310910252e+00
-9.336908653082096055e-02
8.075268087521709770e-01
-1.052463472465614558e-02
-8.289953289357446797e-01
7.419982080937125524e+00
-7.467985658096534252e-01
2.349322730540562176e+00
3.849051151607578269e+00
-3.113169867567238569e+00
1.996915161841895214e+00
1.332059786569091298e+00
2.029673595550236076e+00
3.117409230897232320e+00
6.708674732582400879e-02
2.065433425807793100e+00
-8.747043236259313126e-01
8.919677814874538146e-02
1.319775324048360066e+00
6.938850328733796147e+00
2.816249426849681825e-01
-5.261531959975052075e-01
-1.298702441233083649e+00
2.527345302407327132e+00
1.272213839184540785e+00
-3.366621708166187554e-01
3.267623183949531551e+00
3.523982013085878995e-01
2.299789362841732299e+00
5.312234026888926763e-01
-5.808726301997086949e+00
4.226512371545105839e-01
5.066614705565557486e+00
-6.933761276165091303e-01
-1.218396483774976335e+00
-3.069282622498922031e+00
-8.636336618481257332e+00
-3.031484165362197114e+00
5.182645195005232353e+00
-4.588680180163524636e-01
-1.274142223903962368e-01
-1.389249597107195644e+00
1.134117035808877461e+00
-4.563530691697198494e-01
-4.462810403018145911e-01
-1.783434070827766282e-01
-2.450366024727371750e-01
8.591868604666238474e-01
-8.343476167733477666e+00
1.045126770636847890e+00
-9.843272146600234862e-01
-4.658949827950785938e+00
-7.262693284676829952e-01
1.328272862363246487e+00
8.969603549717721780e-01
-8.231507596000979810e-01
-4.034881993587950966e+00
6.217403179820404358e-01
-1.640405501916526454e+00
-1.733830868307405071e+00
-2.791373165823225477e-01
-2.077122103709283962e+00
-1.106370084958737010e+00
2.096092902636526478e+00
-2.567595683447579713e+00
-3.026524783897937443e+00
-7.248420184208999029e-01
4.215636179757273005e+00
7.263350730578965742e-01
2.984060941573026149e+00
-1.090483850321688486e+00
1.484779637721866719e+00
-3.566897011426090280e+00
-2.919089390514249427e+00
1.360708083329150941e+00
2.159252017055571571e+00
-2.998071639076190564e+00
2.275288718789818976e+00
-5.215040640470782751e-01
1.042208356505335054e+00
-3.469681259506045112e+00
2.327907193946434639e+00
4.496627808734730003e-01
2.754069976084915439e+00
1.753270793485204981e+00
-1.973551484912795306e+00
3.687125144565077228e+00
-1.267670481859055398e+00
-2.187700638937510877e+00
2.889115884624090747e+00
-5.074875655968855703e-01
5.226753050583917926e+00
4.234043248068669385e+00
-7.771697226291995886e-01
2.960503886797281048e+00
1.133933751362162567e+00
4.386583068157579035e-01
-4.033088074721329797e+00
2.637102348900961957e+00
-4.494939611105799315e+00
-8.110356451955058610e-02
4.681655381924190173e-01
4.752424634838501305e-01
1.967530495698354143e-01
-3.555606685118898547e+00
8.604463306185493598e-01
-1.709376373487503820e+00
4.367954102567848551e+00
-8.369199956193487111e-01
4.020440519872834351e-01
-9.911813328832428382e-01
-2.739710218917989160e+00
-1.026339069610241683e+00
-7.422358721059485465e-01
-5.805529094679066082e-01
1.409566322109107928e+00
-5.852286145935813311e-01
6.007576959003036343e+00
-7.928946168252959392e-01
2.256166113712206045e-01
1.205682077999810531e+00
-1.563453135050655529e+00
-7.965745418603096262e-01
3.311146941443064984e-01
9.502421600343012587e-02
1.698360010334449555e-01
-6.595843181014334755e-01
-5.078958059057494534e-01
2.057672343284739913e+00
-2.617580239276985576e+00
-7.194347304783745400e+00
4.659985732623060928e-01
-2.588608596345657542e+00
2.929331905144692882e+00
-1.460735855174268849e-01
-3.013128417234108625e+00
1.717403270504687107e-01
-1.139005147186848976e+00
-4.604577959249800956e-01
7.861322031594313309e-01
8.339569250295996161e-01
3.288548537409936579e+00
-2.135727199669204823e-01
1.440263037716414729e+00
2.747133598293461931e-01
7.754784925758284597e-01
1.377597690447509793e+00
-7.591773134296109227e-01
-1.358111828465714543e+00
5.010321082284480809e+00
-1.102494328800752044e+00
2.141852636857243919e+00
-1.680119578581573014e+00
2.542877359233308709e-03
4.357736623664555609e+00
