-3.325859864680361877e+00
2.102204905242912147e+00
3.291347448341076287e+00
-2.314079010041597328e+00
-7.163902766606077277e-01
1.507395396681826982e+00
-2.003278622825682476e+00
4.566626123041883645e+00
-8.984588424830474152e-01
4.745177133486442322e-01
-1.083513893800625461e+00
-1.487013496101640797e+00
8.697698188317752876e-01
-2.983151420127574838e+00
-3.806070389204175619e+00
-1.909107316643414931e+00
1.279797641155644872e+00
-2.186297802177641803e+00
-3.391729490352854981e-01
-2.432519582066603014e+00
-1.442238700294613096e+00
1.750271187174800569e-01
-1.920429350487075082e-01
1.579624714842924993e+00
-5.770172808926787411e+00
2.283373992659792240e+00
7.390341597528605755e-01
2.189908346000703165e+00
2.922588393355566971e+00
-2.346087447604542575e+00
2.663791989409626915e+00
1.147588566363738849e+00
-1.263998708277290772e+00
3.638869774089000586e+00
1.885505269299258657e+00
-4.599904644585747215e-01
-4.751497883525133137e-01
4.081833902562845395e+00
-4.010845882665808659e+00
5.900061871916674194e-01
8.311335003251705267e-01
2.686868871065859476e+00
-1.147439844724775782e+00
8.992315378678061855e-02
-2.173453666567595643e+00
3.209450419730587534e+00
4.223064618344932519e+00
-6.475390393814945966e-01
-7.508609840704627558e-02
-1.806253850664020444e+00
2.628250141798760264e-01
2.364550939353241787e+00
2.756490554918301861e+00
-2.348497933037378527e+00
3.753494472836282903e-01
-2.748261466216898707e+00
-8.764672269510271896e-01
2.599186385095759722e+00
3.692584474317652354e+00
2.479421187798011683e+00
-4.496853077972431834e+00
4.958196576750901752e-01
6.056674675732129920e-01
-1.654897269825881256e+00
-1.294935874329722791e+00
3.354153881259341219e+00
1.297436150890744488e-01
-2.004438421614427313e-01
-2.080827699242353113e+00
2.223181626103574726e-01
1.548269990018710240e+00
-2.820295089112249132e-01
-5.164225895991174653e+00
-5.696648518383492288e+00
5.803003932280340615e-01
-1.048734906908058484e+00
3.075199250883620117e-01
5.833489460269210003e-01
-5.798559330191621619e+00
-1.225048469238526172e+00
4.540888870114658360e+00
5.247613522848819656e+00
4.108823898609656133e+00
3.879682254039593214e+00
5.670319723864992056e+00
-1.077078119968327030e+00
4.307486924624551072e+00
-3.526815983956343548e+00
-3.149608889221141572e-01
-3.533709811737318240e+00
-3.248251808069509750e+00
-2.867239215792646512e+00
1.567375712100635532e+00
-8.409367723623923929e-01
2.261883281806564838e+00
-6.678466550215031106e+00
-1.729262713772646620e+00
4.074501230292138843e+00
6.632063875322782298e-01
1.712343999549652329e+00
-1.284216424200016471e+00
-1.819836056617593290e+00
-3.426568355019569800e+00
5.388474119957940900e+00
2.014049020915071431e+00
3.289280070616698026e+00
1.728907547200693173e+00
-4.722149970799070395e+00
2.237848628144318397e+00
-3.434514451822864967e+00
-3.755912609409020497e+00
2.053174173849864559e+00
2.866721324432733642e+00
3.565758869239972206e+00
-4.926386499837247079e+00
-4.564609536776655929e+00
1.631123895699592596e+00
-1.504402572685834549e+00
5.508669268721506640e-01
-1.427246604775875172e+00
-3.080885781496081499e+00
4.916732561044346861e-01
2.242398211322876644e+00
-2.466439012289455057e+00
5.695017222174423299e-01
5.662103121615833512e-01
-1.219637482803821449e-01
-1.296679593372441541e+00
1.155528064649903763e+00
9.380283131612834335e-01
-7.384440201671349513e-02
1.116848333554545158e+00
3.735415602398769463e-01
3.741795451325368393e+00
-1.043899808826978415e+00
-2.040915131198163035e+00
4.912844434260499327e+00
9.731726497651425056e-01
1.205414643844485489e+00
2.421822250906445984e+00
9.574412227556441390e-01
-1.210316891109293191e-01
3.242177910870237323e+00
-4.907151715506672396e-01
3.327917523645972153e+00
7.917757815828414536e-01
3.615597930638301261e-01
-1.604093728971885735e+00
-2.075427795191611580e+00
-1.299076562919281863e-01
1.033850679032878972e+00
-2.818183561801771431e-01
-1.256456903791934643e+00
-1.137421467355578253e+00
4.335809600936465280e+00
-2.483360220610972835e-01
-4.967887056131788381e-01
-1.186781933355153695e+00
-1.528025937423564073e+00
-3.591540013509200158e+00
-2.025931477086440058e-01
8.896814912366528549e-01
8.847067313296803626e-01
8.276556698577075544e-02
-6.601581651272752538e+00
-2.085128492600254013e+00
6.372366216043681142e+00
-4.909634893535996802e-02
3.279530957084174081e-01
-3.834416274759005816e+00
6.161481667680864804e-01
1.970315813111769065e+00
1.934549607484528977e+00
-2.943694952341424642e+00
6.949335191431229575e-01
-5.605541024819171714e-01
-8.279577240461648557e-01
1.244504213484697752e+00
-1.577506136847081963e+00
1.916308034110059122e-01
2.378682512058620357e+00
-6.205053554065596000e-01
5.652833007280093192e+00
1.018766383534851494e+00
4.548526206565680852e+00
-4.659552159420194961e+00
2.875569233784274203e+00
5.272811462970306007e-01
2.677565700959435802e+00
-3.362806377178063855e+00
-8.575100721980697394e-01
1.232490503248812264e+00
2.525154015963528398e+00
4.113388679472719467e+00
2.690994915499753670e+00
-1.905295646573779145e-02
4.785091308825670797e-01
9.858274034976066691e-01
-1.888770664932550858e+00
2.179637880849398801e+00
-1.657264585585012662e-01
2.413756471982462681e+00
-1.406468556627719080e+00
2.621031425246187041e+00
-1.658373595134258194e+00
-4.296598162988619074e-01
-7.809401065750133375e-01
-1.641456514520073018e+00
1.505106029255608657e+00
-8.631174661076568277e-02
-2.158307581495733984e+00
-2.535719986170718254e+00
1.535967415252749713e-01
-2.125997822026413964e+00
-2.712488499534319253e+00
9.604784238594370471e-01
-3.029437431278403370e+00
2.062121285846877150e+00
-4.719313478794679995e+00
-4.091136065221577134e+00
2.439137459023003274e+00
-1.535765493475421906e+00
1.908561188051869140e+00
3.224066881785927485e+00
-5.164157295207711940e-01
1.910401448101188837e-01
1.159393019255988033e+00
2.015483973965555009e-01
-1.100666380527382859e+00
2.187428161403016436e+00
-1.326148485654485176e+00
1.415607555036819010e+00
5.077463235909687178e-01
1.157240181075707364e+00
-2.445241027810256984e+00
-3.637652065670770041e-01
-4.922386925195256779e+00
2.806869001078939441e+00
-3.357413633505677453e+00
2.714935283813569633e+00
1.039840402626676985e+00
1.111945990705483167e+00
2.575442164582351090e+00
1.774429896609843071e+00
2.613957083638383416e+00
-2.802833994295100162e+00
-1.465914918238091502e-01
4.501282751014641370e+00
6.629647360623566188e-01
1.443973102821758836e+00
1.764334365717367348e+00
2.771027710411126499e+00
8.749791222920157985e-01
1.903482424908902182e+00
-1.959066156153343563e+00
-2.463757539453310663e-01
-1.719455606354626021e+00
-6.142829975386158159e-01
-1.765088459118853592e+00
-3.254618434760063739e-01
-3.330180935337709869e+00
-2.873552415012612826e+00
-1.500765427679051633e+00
-5.224805301157935400e-01
4.920853148385754494e+00
