-1.443248917858426461e+00
-1.967171778518056025e+00
2.472470571517793925e+00
-1.397688921415717545e+00
-2.882305099366686107e+00
-3.420015369763785174e+00
2.203632211109784467e-01
-1.912376401098917045e+00
2.652132499506728802e+00
-2.583461046253934246e+00
-1.799498768667236792e+00
8.990105025039110132e+00
-7.309899599088206301e+00
1.850774662252977487e-01
1.549810927829814444e-01
1.005167725239900500e+00
-2.366659381572711052e-01
-1.806117830289058590e+00
-5.249111828569451355e+00
-4.710811328273556420e-01
3.148126738904367450e+00
-5.121022299445157522e+00
-3.935847094828696768e+00
2.466182975293107482e+00
6.540309328822644375e+00
4.154305901907698662e+00
2.502145908149405962e+00
-1.439936026590638463e+00
4.953159712615894938e-01
2.522662806194190921e+00
7.688755224899901375e-01
5.489862002926031437e-01
-9.737537833860674397e-01
2.951163200996358427e-01
-7.980465560939065117e-02
-9.990779837937480146e-01
-5.391020066272871336e-01
-1.774959752665957513e+00
4.024029532485327465e+00
-1.010689756936153705e+00
-7.032934191302902427e+00
-8.040990740745205256e-01
5.817899920107545420e-01
4.735747998960305516e+00
2.128789303122974985e+00
2.573795477803293430e-01
1.918670919976782852e+00
4.337362233431166558e+00
9.510685907622711266e-01
1.212901706318664452e+00
-2.124915305343390237e+00
-9.813311867208138750e-01
-8.133834068176078347e+00
-5.019393253229567087e+00
-3.625862427670037968e-01
6.132150857485112461e-01
-3.793065776323345517e-02
-3.570481822469779853e-01
-1.987319683479693788e+00
6.444650609689143828e+00
1.805894996222046300e+00
-2.560987728428436583e+00
-3.214945042049487167e+00
-2.561602275665987971e+00
3.499071594133168706e+00
5.409675566070939468e-01
-1.577529409730041632e+00
4.455883456748180649e+00
-2.311111098120619545e-01
1.529503220007071729e+00
-5.043484982823127183e+00
-3.696325296448910169e-01
4.523206581677666094e+00
-4.581921013401581533e+00
-6.536955433847215780e-01
6.157752338499171252e+00
-3.222597713310451084e-01
-9.488986523599735046e-02
2.809469761282116451e+00
-3.279851520202087811e-01
1.319290133755125494e+00
-7.925851178903991823e+00
2.467252446840704216e+00
-3.076892208721462296e-01
-3.474995315210362978e+00
-5.171905905990458185e-01
-3.338689455292846553e+00
1.930509630747845096e+00
3.262889078538727006e+00
-4.339764347423844093e+00
-4.791522329599487762e+00
-1.634490743437041704e+00
-3.556444762727861697e-01
-1.088646502308568742e+00
8.815961557599705234e-02
8.567531271058470566e-02
-1.451698620155549735e+00
3.222892815769764496e+00
-1.546475923154535970e+00
2.936466696544476562e+00
3.376988760760117891e+00
1.130087751477144575e+00
8.149655207938049983e+00
1.518609502202311612e+00
-1.872718224491250583e+00
-6.594356948452020362e-01
-1.279265963727377331e+00
-3.398471551780936295e+00
1.655549504343348133e+00
-1.019728679843268981e+00
2.930893127815485055e+00
2.361414151041644871e+00
-3.841357262639000680e+00
-9.597850177893789692e-01
-1.989972640878330257e+00
7.629149168705565032e+00
-4.226147926192082238e+00
-2.253614411112044635e+00
-1.255819648930400323e+00
-4.669584946547018500e-01
3.721343466302339920e+00
7.324832154363369874e-01
3.766613931687411210e+00
5.252923338392055719e+00
3.358044372823508539e+00
-9.045108242741939364e-02
-1.316970848920562487e+00
-2.846625083193047079e+00
-2.878327651511727314e+00
-2.890871947001230513e+00
9.934971118638813437e-01
1.449501654936209638e+00
-1.541273644599397308e+00
8.383458456353809485e-02
-1.953792518393050903e+00
4.886005293382814862e+00
7.141738705337183468e+00
4.093995353601985521e+00
4.188703499841643918e+00
-1.548018121024703708e+00
2.514385782652252210e+00
6.429318282455169786e-01
-2.225568904034160411e+00
-1.240713296029328783e-01
-6.761050242473080729e+00
1.067308392799810379e+00
-2.832001307528384526e+00
-1.354649893649518599e+00
8.362777528537869154e-01
2.140067019404202853e+00
-1.167666845741715420e+00
-2.143631715460510012e+00
3.182931859149782383e+00
-3.071538673120894014e+00
6.262265858088369441e+00
-6.435785408790038353e+00
-4.202490192412489112e-01
5.339338415372850477e+00
3.868752476969339327e+00
3.845623049515085157e+00
-3.489593512859052282e+00
1.351398965941992492e+00
-4.937354947257536431e+00
-4.311817418303360405e+00
1.221664521244733459e+00
-1.992274885750894953e+00
-3.871369228154154518e-01
-3.929422446421647841e+00
-4.340183093643149803e+00
-6.448516299460566259e+00
4.254917515915605186e+00
4.192776415577259996e+00
-2.091542252707718319e+00
3.776189885618640218e+00
-2.497566525241120827e-01
5.815335059547399155e+00
-1.591389297432423078e+00
-2.946059732733092851e+00
-2.676543410676471169e+00
-3.954295998732284989e+00
4.450023144183610668e+00
1.090677627225531410e+00
2.210015772903425990e+00
1.266945403637308232e+00
2.361287197065017551e+00
-3.301253027955541430e+00
5.757564248356583647e+00
-2.462685075612579766e+00
2.990414417225922605e+00
5.792983452126627242e+00
1.196387527360984748e-01
3.729909659750077822e+00
8.633097443159565287e+00
1.428907104006059914e+00
1.988945245782460347e+00
7.599004400317447505e+00
-1.987380750190363088e+00
2.849051571908878255e+00
-6.915588944875676880e+00
-4.994914821588480436e+00
-9.578495395931589940e-01
7.163273007300463568e-01
1.278597576966606919e+00
3.810639854250360337e+00
-1.665241771173432639e+00
-2.807129593040358806e+00
-4.575182934760665177e+00
-2.150452230402893683e+00
-3.248944766978107523e+00
-3.390615577986213935e+00
4.152846570992450914e+00
-4.902710306316353517e+00
-4.378993257203616984e+00
4.747285917915772480e+00
-2.295404074055586996e+00
-2.856568358377245875e+00
3.144974165209917238e-01
4.901728893884826910e+00
3.259977443620013737e+00
-3.766784722778398820e+00
5.335637921206719092e+00
-5.043938256896710826e+00
1.576585676953179860e+00
8.518124106146159891e-01
4.411417542489833643e+00
-1.301160244673599253e+00
2.915383864677920656e+00
-6.154989025103274614e-02
1.940145555174207503e+00
6.712739221563359671e-01
-4.988658550345352438e+00
-3.126608108707118028e+00
-2.026549132378169027e+00
3.002776634779796616e+00
4.918719706663427615e+00
-2.684977354063985189e+00
4.674721386128238620e+00
9.201258643512321811e+00
3.475678740428563174e+00
-8.275113252770560646e-02
-9.296467375470445216e-01
5.028716079843906783e-01
-2.451745966407709254e+00
3.374453490320356241e+00
6.008325397366253817e+00
4.346463856815868110e-01
3.830258601734357171e+00
1.610242149302482662e-01
-8.313289821291549586e-01
1.395321640997220669e+00
-4.925164765259086863e-01
3.309209317346672563e+00
9.671695462968283863e-01
-7.288974530331300272e-01
3.490251135151268169e+00
-3.852910197157219496e+00
3.888559695118682935e+00
-4.658643209517874695e+00
2.583640427337633438e-01
-1.156792258056494882e+00
-3.048908668553423684e+00
-1.050251868716878256e-01
-1.171584036203937806e+00
-2.786497084525525469e-01
4.967575481836195572e-01
