-6.846688174724246956e-01
5.025112600048650791e+00
-4.969854441979192572e+00
-4.657974806105777965e+00
-5.405650877461597226e+00
-7.894479007113653912e-01
-5.197834763499184163e+00
-2.374925955259588051e+00
6.211663781035093201e+00
3.582650293074637560e+00
4.778332051381561918e+00
-1.039235073764393391e+01
8.712073160034268682e+00
3.397977820130327342e-01
-4.126381117777401464e+00
-5.796184544840665254e+00
8.854140378917250587e+00
1.223696071012486675e-01
2.856962018683734783e+00
-3.379402763253193331e+00
-5.493222464787897330e+00
2.482577318311228520e+00
3.300279851272976295e+00
-4.421789709862663287e+00
-2.842116197958714618e+00
-7.896045498952576125e+00
5.958076232534340599e-01
8.295504218417288911e+00
6.578062556150117146e+00
-4.249768886762815612e+00
-7.092336444257722750e-02
3.961517445608044863e-01
-3.588841864751123101e+00
-7.213426419728002692e+00
-6.820726083535633144e+00
-4.547294794994583000e-02
-6.091798603152700053e+00
1.709221036614860356e+00
2.610636206375096968e+00
6.536887873573957286e+00
3.283934452400154136e+00
-6.021203404179940044e-01
-1.646733480130207816e+00
-2.574830965504853353e+00
-9.454398683336028952e+00
3.419805552856746367e+00
-5.153918811132286670e+00
-4.525465577612735935e+00
-6.227763116653355802e+00
-4.039940240584929398e+00
-1.631656903295905403e+00
-7.392846480331674019e-01
4.579389050216816415e+00
-7.428753373151939510e-01
2.597914091280391524e+00
-2.076520692413458491e+00
-1.819607759760610843e-01
-4.892515972747943032e+00
9.719607771131003604e-01
7.362227787803702128e+00
-4.350640508566153031e+00
5.192090087075881044e+00
1.759175021429521424e+00
2.100201300498031109e+00
6.738634095033133597e-01
8.517795380970829555e+00
4.822123266257658969e+00
-2.430225488210648876e+00
-2.812983583989282721e+00
-3.512919512409574452e+00
2.501943783633318041e+00
3.129200880007783070e-01
2.415751611765204476e+00
1.674957762004025463e+00
5.001130823107903467e+00
3.368268208446496548e+00
-2.123868001765147895e+00
1.096860750134261542e+00
2.528446469058728052e+00
-4.340300654701082728e+00
3.032372877046582538e+00
-2.499169350171945414e+00
-4.648377544144288720e+00
-5.647898399648759060e+00
-5.131684750963790620e+00
6.234957265669665460e+00
-1.763301053878738145e+00
6.881426616835925714e+00
6.069757213707786647e+00
5.029766576421204061e-01
-8.692876409201481636e+00
2.438826248183704859e+00
7.580793275178620227e+00
7.562583849553904614e+00
3.219774310471592571e+00
9.288998671369496307e+00
8.107932644245836595e-01
2.993699289380926221e+00
3.950059045254266099e+00
-4.256880288790424238e+00
-1.798249431304821955e-01
-1.687207361194651423e-01
1.183304406075526671e+00
-5.350151978643638007e-01
-3.770648287035077040e+00
3.597697633985035282e+00
5.961963195818086980e+00
-8.399075163912160802e-01
1.829174645762844609e+00
-4.391240244288397321e+00
2.426046583723628913e-01
5.388538704044243843e+00
5.700999826341950794e+00
6.023410861224720136e+00
-1.996170274420044688e+00
5.212409819458954985e+00
-8.549442334432196589e+00
-1.693782892757227598e+00
3.813328240301135708e+00
-6.530278345089981507e+00
-7.995072070047012147e+00
3.719838041265025375e+00
-1.929809237507432718e+00
-7.056125099579165116e+00
2.696816527343665282e+00
3.557613858526611494e+00
-4.861569268488492135e+00
-2.814462054919397271e+00
-4.878617486356887412e+00
-3.737075751047960637e+00
-4.879899619284421952e+00
2.718952490790806920e-01
-2.122509764145129374e+00
-9.195093066908700763e+00
-2.375208163212015222e+00
2.181491699523621985e+00
3.680971531324195745e+00
-7.323139660914841365e+00
-5.730379075199217631e+00
-1.068890179537647089e-01
-4.962554226894363651e+00
-2.941036316926092464e+00
-7.263767447075933248e+00
-5.451706674402921893e-01
-8.247525478230844698e+00
7.562551709078800144e+00
-2.311787991413757126e+00
2.617235506174169224e+00
-1.106526485113878522e+00
-1.740329974674966529e+00
-2.169147835098935495e+00
-7.777843995040222502e+00
-3.025078865134339878e+00
-1.596728928314196105e-01
7.422742669803732873e+00
6.137907590619582798e+00
-1.088541671798636923e+00
2.662503146492047446e+00
-2.320073899414754059e-01
-2.177170832519215171e+00
-6.720499073576568172e+00
4.828987110859763732e+00
-2.658864828833540805e+00
-6.648696794741173477e+00
1.563652103845956098e+00
3.897376210335471214e+00
-5.731527280469362884e-01
1.016965079662863758e+00
5.239217406395301424e+00
-8.483892768095834924e+00
-5.932567712874256216e+00
-5.718141789417623411e-01
7.030357034582987552e+00
-8.395159633258083787e+00
3.695125849737728174e+00
-7.539624036100725846e+00
-9.838463561878327823e+00
2.672733615717488576e+00
-6.116856943836578964e+00
-5.911052951039628134e-01
4.398947034201261985e+00
-5.890167555071902150e+00
8.291508135219909370e-01
2.127020560459872645e+00
-5.344550283011019864e+00
-4.270788741911865749e+00
-9.727556450380477671e+00
2.148343593532718199e+00
7.363780399039704605e+00
4.646628598110711827e+00
2.343476239066677458e-02
-3.975822243304977466e+00
-5.285671842454496172e+00
-5.060166016256768984e+00
-1.991724955517169882e+00
-4.534251275859333852e+00
-6.770653385500861710e+00
7.507562789205971754e+00
2.963440583572427567e+00
5.218902669244528170e+00
1.407062999930372316e+00
-1.813996016543308221e+00
-1.026341285378147994e+01
9.076855846715711218e-01
2.816758033725640153e+00
-1.298969499068494349e+00
5.008737682272961678e+00
5.492476515854589181e+00
-7.074085740665589483e+00
-7.368772145869556311e+00
4.639573352041572729e-01
-1.464559507139095551e+00
-4.003360690644569786e+00
4.324554587434553454e+00
7.498947249703496354e+00
-7.771638916869163971e+00
5.569948749409471489e+00
1.237504668490030380e-01
-6.498919095509275934e+00
-3.676143287390059911e+00
3.768409916135747384e+00
-1.010691091946379672e+01
3.103149369128596291e+00
-5.917034261599215528e-01
2.849851011634857656e+00
-6.058483655070219243e+00
-7.328439545533496968e+00
-3.690692836149129352e+00
7.626495923180772962e+00
-2.449065943869991102e+00
-1.007223955963955575e+01
-5.676508576120621541e+00
-7.105648921274479335e+00
6.318384246888072653e+00
5.447090406454953460e+00
1.160589483453430049e+00
-7.702948128142495854e+00
-2.556441942187061223e+00
-8.300321034472284865e+00
-6.033923560279705889e+00
-3.287539042706505654e+00
-9.488928055516467452e+00
5.708158623669970844e+00
4.096122879494941138e+00
9.308360168391285328e+00
-8.727053168371787351e+00
6.270864727767669677e+00
-7.300102182699305331e+00
5.966293677641942850e-01
5.565351296085075283e+00
-1.903777308014084735e+00
3.579827631363195373e+00
-5.654962257659925662e+00
6.217928420749068152e+00
2.851447385907232679e+00
-6.435665279506324055e+00
8.289801248217644414e+00
2.931859424918392243e+00
-2.809625807424410038e+00
-6.885234791435705048e+00
-5.426340603132368656e+00
7.696977008386905794e+00
1.481184326302636745e+00
-1.704047021855390476e-01
7.340300962224432624e+00
