-3.254824532916803737e+00
2.185325728283384450e+00
-3.956473114721294149e+00
-5.543107442157131359e-01
-1.255328256135552989e+00
-6.793221061523436077e+00
-2.473657228508212569e+00
-2.087154281284308022e-01
2.038786537029397383e+00
-3.260425574168361873e+00
-3.805449787529070260e+00
3.448101722800861690e+00
2.722499615790848093e+00
-3.488480439387347420e+00
5.284272779001823572e+00
5.105884590393772626e+00
-5.647956075084144878e+00
-5.137108192232939352e+00
-2.286000848534577745e+00
-3.116524082540950147e+00
-3.565951187316330095e+00
1.420824955508740217e+00
-5.060902262158504250e+00
-2.802613146577583869e+00
6.570407924569856561e+00
2.982166269447293683e+00
3.090162075180468815e+00
3.195746311921105587e+00
1.359368119747858428e+00
-5.147345653427457535e+00
-9.306300902999925517e-01
-2.967586267045730253e+00
-1.259915062288859966e-01
2.960173066105926676e+00
4.379860545186016196e+00
-4.660157935413463903e+00
4.367655700237902394e+00
-2.715478195157603025e+00
-1.893122826205028364e+00
-2.913458611911886820e+00
4.271243870055122294e+00
1.934447224541041122e+00
-7.162784068207174393e+00
-4.310174173991338620e+00
1.609384332757511915e+00
-2.705787042400489284e-01
5.556215115049004005e+00
-4.673693739926114699e-01
-4.829696110697193845e+00
2.392824525522933676e+00
-2.067325074720342215e+00
4.517111350849540408e+00
-4.266562377592951094e+00
8.176412400547105053e-01
-1.958852003140701736e+00
1.491031271036185935e+00
3.030508573164106156e+00
1.921145680797393229e+00
-1.997330385320093660e+00
-2.394552504266947324e+00
-5.966661701848302357e+00
-5.683481681901332294e-01
-1.188373038049075348e-01
5.716757376475719354e+00
2.634213356347691271e+00
-2.535274973201326332e-01
-3.678706227857022615e+00
-3.727905247604253347e+00
2.240996196635403059e+00
-3.330704425726052520e+00
-9.929671640797108623e-01
-4.983800531935579592e+00
-2.419393345384824201e+00
-1.074830798158812550e+00
1.993065281446705583e+00
3.564100193857408172e+00
3.833900236398847916e+00
-1.374124484285188741e+00
3.794867081540134190e-01
2.691488993213495107e+00
1.696232978275486802e+00
-1.068497957234427531e+00
-2.179615611924521801e+00
-4.187419231745338699e+00
-2.988692224979219603e+00
9.535759533193068904e-01
7.707646588998770198e+00
-2.845553914642542814e+00
2.750044882273779301e+00
3.101397096224323580e+00
2.356785831514926488e-02
-3.880337000918226753e+00
5.091080632678954832e-01
1.495217524067684156e+00
-1.529542578682558385e-01
-8.786188096871653253e-01
-6.409457742341288622e+00
-3.648363538917435367e+00
6.718330261395950131e+00
8.924420751982857780e-01
-5.688792213319826985e+00
-1.832492626413120718e+00
-7.018702169466508600e-01
-7.691819951246281484e-01
5.845359569760968377e-01
-2.615125482100673970e+00
-7.801571234813946543e-01
5.539880865759538864e+00
4.437029733514598284e+00
4.661226063041171486e+00
6.291868618966338644e+00
-5.793662690194185672e+00
-3.443183039940140411e+00
-2.275485313796593356e+00
-3.339767825913167343e+00
-3.284919298747026151e+00
-1.965548911300979196e+00
-5.086186807883770200e+00
-3.316872636205893343e+00
3.953227189691014054e+00
2.413426287286590810e+00
-1.480369439903394868e+00
2.089319431803167149e+00
-6.694195073253316863e+00
-1.157943344728685542e+00
3.460197985990935088e+00
2.941843401582055151e+00
-3.193512703656935514e+00
9.251956609938359888e-01
-3.982069149256118656e+00
-2.888710735920061889e+00
7.381738713587775003e+00
-2.593978939899166836e+00
-2.782965053617838080e+00
4.226800316987411321e-02
3.622425022499565550e+00
-4.398305151723337580e+00
5.865166162309400910e-01
-4.068272448285782161e+00
6.564782980030718029e+00
5.339448019058906647e-01
1.100077844457064913e+00
-3.029913030245476868e+00
1.216806239864096417e+00
-2.990386547102751980e+00
-7.720943465841074715e-01
-2.479141673936563706e+00
2.717275948611222347e+00
-3.304733949536271531e+00
-6.686829584475109112e-01
-1.223875146525176261e+00
-8.245767556451522040e-01
2.745429768928412173e+00
-5.312022852502658488e+00
-8.176116693982093508e+00
4.071583862843852764e-01
-4.125535003311981974e+00
2.198383407256965683e+00
-3.541710812316576806e+00
5.455776856656017415e+00
-7.497414207451649659e+00
-3.667080650726495250e-02
9.098084007672091467e-02
-4.695388761840297853e+00
-1.087770732003608298e+00
-9.910579815846675134e-01
3.657998901413299642e+00
-5.350514847529987073e+00
-4.028348246216802764e+00
2.405627281132647788e+00
-4.337584949195940176e+00
2.007010034971132839e+00
6.126637718918428455e-01
-7.108787168939292300e-01
-1.108699144610546306e+00
2.312483236901225148e+00
3.993560411024146717e+00
-3.040454249162750422e+00
-1.330552666323989719e+00
-6.153842792418631191e+00
-3.982159446710417328e+00
-1.642015413996907203e+00
1.774674943111814063e+00
6.525045155706392208e+00
-1.949975609352982975e+00
3.957442307705367313e+00
-4.487288207416955998e+00
1.665659836886980827e+00
3.790128842935957643e+00
4.042066530040835381e+00
6.228679675459423137e-01
2.240396913442847637e+00
-9.851928205071381894e-01
5.391327556818444222e+00
3.867906767211021890e+00
1.765708989432798859e+00
1.589256611638125705e-01
2.682053071737255046e+00
8.923779108929238646e+00
2.111146207138827613e-01
6.125532483425172536e+00
2.393226414826810089e+00
4.887114107914523942e+00
2.504962029787511923e+00
-5.863440601746587877e-01
-3.966292225145843009e+00
-2.662677555934494400e+00
2.946682609400079755e+00
-4.346987249098564376e+00
3.333824260596188971e+00
-3.115770846868601396e+00
-5.279063737351359364e-01
2.047987831493761401e+00
-3.649589922533582609e+00
-8.320720064428792639e-01
-3.266848687335871304e+00
-6.436058099796004406e+00
-3.286403535925053632e+00
-5.439074457560221454e+00
-6.651260853962732256e+00
-2.375992455943039872e+00
-2.044161647807600346e+00
-1.479450499156191423e+00
5.125092467443684185e+00
-2.826647881612638358e+00
-1.270615043292814716e+00
-1.368653101155253626e+00
-1.802324451229459168e+00
6.078152604143080673e+00
-2.079093052114814544e+00
-3.033815335721151030e+00
2.819452912698605651e-01
-2.140189379482943632e+00
7.133924180988536534e+00
7.144256459390163627e-01
8.829147527836877174e+00
-8.116967904291444214e+00
2.315974296471671412e+00
1.805945908053208093e+00
3.885247346606313545e+00
-1.604843185168477682e+00
6.190460373634206093e+00
-4.684390920554956317e+00
1.855549578678910905e+00
1.234236800448738958e+00
-2.704582532365756631e+00
5.739280433817334881e+00
9.868774243455320061e+00
-1.407498828902995713e+00
4.395218467379649496e+00
-5.219494338554554247e+00
-1.115665315356988208e+00
-4.428845861028049669e+00
1.458148699437216145e-01
3.863111793296548413e+00
-1.753416825262118062e+00
-2.495894200338348412e+00
3.185224467507748347e+00
5.617773358286848762e+00
2.014326763345350102e+00
8.928788657105954929e-01
5.037746660308628499e+00
3.399417854031014485e+00
2.871873122817875323e+00
5.951077400534728667e+00
