-4.427854350075847378e+00
-1.942199447532101386e+00
8.117053005897334472e-01
1.634441632192657146e+00
-1.348321834943154496e+00
2.538212002176089666e+00
2.044088394945322129e+00
-9.343364150277810865e-01
3.250230489115162769e+00
2.423216267793406153e+00
-1.559480755110429051e+00
2.238630176380249637e-01
9.873291617206714221e-02
-5.156061231582492965e+00
-7.159470945348189730e-04
2.139606648433022063e+00
-2.784434931748876352e+00
7.474241022916263688e-01
-4.495365935447910744e+00
-1.661378372958205230e+00
7.290484745740064554e-01
1.421304315879949876e+00
-1.992408397862901692e+00
-1.114071079573002443e+00
-3.742515418294409812e+00
-1.839663313206392203e-01
7.287537570118440833e-01
3.995475135569813041e+00
-4.486533439584845517e+00
-6.793021448281806318e-01
-2.423018087865287828e+00
-2.085803214192862853e-01
-3.980552520186439125e+00
-3.058366884015227605e+00
-4.415143380860263811e+00
-4.941431922405561394e-01
-6.801245180675570268e+00
-5.001884336356797078e+00
1.913813602960782179e+00
-4.306096774692848683e+00
8.298687786340721573e-01
2.005737002344685216e-01
2.818979207465392101e+00
-3.427718121313523270e+00
-7.757880815756571513e-01
6.413087121128283385e+00
1.639849689206990258e-01
1.600134649488962335e+00
2.304314078350030437e-01
-2.725147743524376054e+00
8.391854594997036898e-01
-4.183170150610685312e+00
1.814253928647514780e+00
-3.208505467673276712e+00
2.584149066862752253e+00
-5.035986460146352206e-01
1.476486069246430333e+00
1.610260634306563965e-01
-3.275554215246853085e-01
-6.221519169037209585e-03
-4.308858538292145823e+00
1.400280897002615044e+00
-2.705510956613434104e+00
6.522538882481887512e+00
8.184503786943367887e-01
5.870618227695740821e-01
3.472240389191298959e+00
1.216930244338188416e+00
6.571531904532815105e+00
2.710641968319824180e+00
2.265298670575880635e+00
2.487856950356609698e+00
1.431583390415184898e+00
-1.102901584504959231e+00
-6.726042383892822940e-01
-2.929276879811740786e-01
-4.933484961406769953e-01
9.851006867582463578e-01
-2.875125401026279448e-02
9.164236106026546480e-02
1.170998935761454529e+00
-4.028127061607233550e+00
1.900327066719909919e+00
3.776878110495830221e+00
-5.693951959301922550e+00
9.527019547821388157e-01
-3.995426721746357934e-01
2.483792620111527683e+00
5.358471410444403116e-01
-2.392985238392583369e+00
-9.895067255185819866e-01
-2.632763918523663538e+00
-1.010946274537477763e+00
-1.256913176056920101e+00
-3.300399864000142625e+00
1.695461926352320958e+00
3.249438380971259033e+00
-5.719213557019751981e+00
7.267827025573336819e-02
9.823528773973999595e-01
2.795522160107828391e-01
-3.311349354754864915e+00
4.089561777915870167e+00
4.783353531372133816e+00
-3.303670555529212738e+00
-2.872210567588039165e+00
-3.196473426299439424e+00
-3.434096043114811536e+00
2.279877783141173619e+00
6.376949632808210033e+00
3.417396550585523052e-01
4.750577767438750598e-01
-1.109086455729483500e+00
-2.377078731783591192e-01
9.024980604758714442e-01
-4.191659661086288402e+00
5.501363617216576962e+00
-3.215794325808461807e+00
-1.981285538389949696e+00
1.299127418975946746e+00
-4.226730265261886998e+00
1.370303738153345385e+00
-1.998972339296837708e+00
-5.917908894661144004e+00
3.377269805011866133e+00
2.917960533992304484e+00
8.577529604988512801e+00
-2.116980695712351146e+00
2.809152225840498396e+00
-3.924828526199921619e+00
-2.031654176249621635e+00
-2.240678076399945873e+00
3.690739320863896555e+00
2.331984597304725959e+00
-5.973466824284789922e+00
-2.999225662726426656e+00
1.204552270251453283e-01
-3.634991935745165659e+00
-2.089159451868071393e+00
7.372712713808260432e-02
9.513369602949035553e-01
5.590573842202035681e-01
1.050271186588374039e+00
1.420028433994773964e+00
6.607571959779865445e-01
4.925048901503663146e+00
1.411783295591455989e+00
4.879915423400423613e+00
-4.258458928308257452e-01
4.588803539294046274e-01
1.360711335641413555e-01
-4.276568826413091884e+00
9.296193909099055297e-01
-1.686547326815432291e+00
-5.333790506321731684e+00
-3.124862217952105947e+00
7.292025254705670534e+00
4.498746905071693281e-01
6.881922549398822309e-02
-4.577203027812029035e+00
-4.080936323467830640e+00
6.082395633188035777e-01
2.482435501216106566e+00
1.031949081308864091e+00
-1.524698638498055869e+00
2.728789536997269227e+00
1.116794791935538989e+00
2.286125581585544353e+00
-6.658049277815507594e-01
1.671538727776541222e+00
-4.998108093665004859e+00
-1.001119400587551667e+00
6.717005208379734249e+00
1.742013490552346333e+00
-8.233453372069599041e-03
-1.066372106232434946e-01
-2.860171300725507848e+00
1.308285671023356356e+00
-1.292917193537870713e+00
1.564836563069680331e+00
-1.153535863575390508e+00
2.317341745079597892e+00
9.953368068771930588e-01
-4.532605928020299935e+00
-2.409588220518438906e+00
-5.223474367535156482e+00
-4.354860675693942085e+00
3.002220291462182722e+00
-3.678354005134602644e+00
-4.473513485074159135e+00
6.062589177485207870e+00
3.692907386343775133e+00
3.369970261146191248e-01
5.048686576169071571e+00
1.698120277074753881e+00
3.191227047411507201e+00
1.725097464533030589e+00
3.452108129772483380e+00
-4.249305816466112162e+00
-5.165323461467347110e-01
3.598018191524256171e+00
-8.253567436819686520e-01
-6.678980252170941156e+00
-4.632685077481269786e+00
-1.175548755928135236e+00
-8.917053849061660209e-01
-2.195210867118804643e+00
-3.609203995641799612e+00
1.636553401813340081e+00
-8.354078112273022327e-01
3.225354060429098002e+00
-2.690715137993479722e+00
-2.835060412408281216e+00
4.638022068015615895e-01
-2.527843521563011731e+00
-5.672537148293070874e-01
3.004871551523818685e+00
1.131051112994382102e+00
-2.904857432412013107e+00
-8.371713631138515410e-01
-1.893802738511623174e+00
-8.049861898926323756e-01
1.535727344665789307e-01
-3.727875438346897941e+00
-2.256994542388031100e+00
-3.416501446149763366e-01
-3.123739234741877979e-01
3.216225350886292134e+00
4.129255514960465945e+00
1.351177504177083044e+00
8.210374795612196408e-02
1.545569761467844305e-01
1.325114626639747328e-01
-4.090873050262610278e+00
5.368243049186093074e+00
-2.837311503082464270e+00
4.120852982275154952e-01
3.361820226702384229e+00
-1.379748357675034676e+00
5.823825248269539401e+00
-2.693196789122226154e+00
-4.734733203636160681e+00
2.298965359039537137e+00
-1.367476831438944274e+00
3.033112230790934394e+00
-4.687537022848376367e+00
-1.285241482109561240e+00
8.589080978164549407e-01
1.525025524495347451e+00
-2.337936141240876342e+00
-1.389305633244049432e+00
-1.239063339668676211e-01
4.223806794549026300e+00
1.281209898369155997e+00
1.796366206416415867e+00
-2.481585393742093082e+00
6.484787224036086428e+00
2.172136837391791531e-02
7.333158202050213070e+00
1.429095095601585763e-01
3.753657615233802591e+00
1.710436570984553484e+00
1.292652840629142652e+00
-1.335268888688597277e+00
4.474293323251400167e+00
