3.106674077065733286e+00
-1.346100324815375560e+00
1.466881479540310229e+00
2.329162364205645819e-01
2.736100035307084788e+00
-4.051888159437643799e-01
8.302923128136622255e-01
-2.666955024276123964e+00
2.036943950497964284e+00
-5.287569722291936891e+00
5.248427057826491549e+00
9.717234277912161211e-01
-5.727159795081814053e+00
2.445310292150800091e+00
3.366977218729998000e+00
-1.754080948685108998e+00
-3.770683315462387553e-01
-4.401291651197184684e+00
6.922961731729319057e-01
-5.265110164110317292e+00
5.413912145511964313e-01
-1.733865829314108709e+00
2.192393600167679590e+00
-2.237648819582865212e+00
7.352384836539298529e-01
-5.511231201136641555e-01
5.037427471960898906e+00
6.976233406586352714e+00
-1.145598054922579268e+00
-3.344526542392262769e+00
1.345583993509950504e+00
-3.915338340327168432e+00
-5.212811086878367917e+00
1.903133697100073629e+00
-1.969205195172069711e+00
-3.208731572267610854e+00
3.818704090527555439e-02
-3.607557531219706792e+00
-4.234563017398603968e+00
-2.606313433241902899e+00
4.903072087045438288e+00
1.038100711226574102e+00
3.086132982058110152e-01
-5.004022714697287100e-01
3.060109523481429061e+00
-2.057586076477983639e+00
2.739951780932432079e+00
1.488090172737320527e-02
-3.001341738658804825e+00
-4.400865935812150020e+00
4.760062847244644679e+00
-1.848016280311923554e+00
-5.122453392445530662e-02
-4.220864842004290907e+00
1.502739612135976621e+00
-2.404014263252925332e+00
5.918470869008882751e-01
-1.068089180080807221e+00
2.768075042298528965e-01
2.591021379058036089e+00
2.305089033099666729e+00
-1.075132327723876235e+00
3.558621100657142211e+00
-6.275520880915466115e+00
-3.049362966704512790e+00
2.550643837834708272e+00
7.267897482147105404e-01
5.195532107406751754e-01
3.160035707356933621e+00
2.452433545917714675e+00
-4.741999522598447037e+00
-4.027529443590879943e+00
4.794257536111717677e+00
1.850423311426051320e+00
-3.662677501788454748e+00
6.499282355710634285e+00
-1.374643761046631552e+00
-9.475676239197845518e-01
-1.228776481906842521e+00
-3.071160478734438204e+00
-3.961121385144085849e+00
-6.400967496980643823e+00
-3.838784807833309110e+00
3.067753923899631197e+00
-3.229496045067273613e+00
-1.646513077387696145e+00
-4.383711788752430394e+00
-2.026929501204911777e+00
-1.084856114908263391e+00
1.783394392006357076e+00
1.811805864450338088e+00
2.112675492649036812e-01
-1.025445563419336237e+00
-3.646255018574746209e+00
5.920878870778381042e+00
4.674809255177353462e-02
-1.498907221565045411e+00
-2.331138279151836190e-01
5.001168959029373084e+00
-2.711216363161536247e+00
-1.044416018744846930e+01
1.299863149368708282e+00
-1.326883695370382199e+00
3.158693341579527747e+00
-3.281548575219828123e+00
6.076640711519426752e+00
3.434057432612123151e+00
8.478345774898664589e-01
-1.520404642375186466e+00
5.019410562200087966e+00
-8.956784534780366513e+00
4.045329888983496325e+00
2.222748137316481465e+00
-3.162283967397678808e+00
-2.549721696332435172e+00
2.212248800297607065e+00
1.362443927762069018e+00
-7.367928334226041542e-01
3.156825930642017664e-01
-4.022142911367987850e+00
-2.648943976700870007e+00
4.269827650694729471e+00
3.765557746576205567e+00
1.093522580414751699e+00
4.707333602767141301e+00
-3.692006906504228692e+00
1.905737696987074847e-01
-3.563935790492047229e+00
3.835709616922592380e-01
-1.797784136751527928e-01
-3.790807719589212255e+00
-1.630895069511974826e+00
-9.915439919962826254e-03
-7.754794697936729930e-01
4.707935267482595165e+00
1.160533565019275626e+00
1.652842548055231564e+00
2.015604244155590585e+00
-1.117917608537740914e+00
-3.350109390105779017e+00
6.038999071955672093e+00
1.260147972940479089e-01
-3.418427336303472952e+00
5.850191059851079345e+00
5.971411217795218995e+00
8.534510645724674438e-01
1.660282556621847538e+00
3.794057510025226065e+00
1.037747442449812318e+00
-8.859783734348412043e-01
1.892721295677101789e+00
-3.388258913427413255e+00
-3.938771483953181218e-01
-1.882857062315527408e+00
-4.492824364004981419e+00
4.658011276106869936e+00
-2.981417758585913624e+00
2.242089343822510461e+00
-2.219104041626872581e-01
-5.844297784610419377e-01
-3.030536343788281517e-01
-2.267353347623564108e+00
-1.743052440867545183e+00
-1.218675615096030507e+00
-4.491952616364415896e+00
-3.427277886121895989e+00
2.487209850671827649e+00
3.859829701119270151e+00
3.701227670025216909e+00
9.472932484571361389e-01
-4.134461939682868348e+00
-6.100392806698700099e+00
-7.789811887200630558e+00
3.885185154882089265e+00
8.046422269283139972e-01
-9.356824583667053830e-01
-6.365429510492782939e+00
-1.703572695648162494e+00
1.103775240745568986e+00
3.072491080624139226e+00
-2.886878615289805161e+00
4.533743193067487631e+00
1.635310416518737542e+00
2.513662288192387573e-01
1.667189262425501806e+00
3.375902524585220998e+00
-1.686685657843692843e-01
1.442328290398946944e+00
-5.196021809307562300e+00
6.253972170245366335e+00
5.586311172168311190e-01
-8.008766542827773505e-02
2.570293071371785310e+00
1.031606839474386472e+00
5.493776066530974944e+00
9.916537106371110522e-01
2.307578698620162516e+00
-1.903837411835962001e+00
-5.463419757800632937e+00
-4.705406178246103466e-02
2.720714790466171706e+00
4.201138373708769969e+00
-1.864285552828485182e-01
-1.234043115203807606e+00
-1.423652140129833654e+00
-3.534825342081689303e+00
1.865735101203731761e+00
1.945982962968338725e+00
-6.421603342294243788e+00
5.988328840295510380e-01
-6.530921976025531039e-01
8.437229977985625240e+00
2.825588171874509058e+00
5.950858406388591426e+00
2.107444302405499847e+00
3.343853819780413517e+00
3.714777841370315858e+00
-3.312050717924460930e+00
-1.541304361774108456e+00
5.108937329945228534e+00
-3.474253754123123095e+00
3.256384352446084929e+00
-4.812252356903802486e+00
2.989808431245780440e+00
-1.834974431267535122e+00
-5.209013073474768607e-01
-9.092748584515916166e-01
-1.043325816744779422e+00
1.180699652304160185e+00
3.845748129962534900e+00
3.908879358582709185e-02
2.118903767209063371e+00
-3.232429866194647339e+00
2.281015528706207274e+00
2.739755828829095297e+00
4.078201811703440760e-01
-5.190622786033309843e-01
-4.231601827807530136e-01
5.189000544763072931e+00
-3.783836313143728258e+00
1.516604093805974107e-01
7.470975674880982353e+00
-2.395385847672605095e+00
-4.214657825725507401e-01
2.110093876958917480e+00
-5.200863674933431824e+00
-2.736243000610004028e+00
-1.704770325941495468e+00
-5.689076339582344488e+00
-1.624442322725718757e+00
-5.155617385478943326e+00
-8.013245045442365821e+00
-2.707085436560851210e+00
3.624905182034341866e+00
1.583568825176134842e+00
6.501449106871105776e+00
1.315891686569043706e-01
-3.554574306863604427e+00
-7.962790720615389173e-01
3.808948751654959608e+00
3.235582913905309610e+00
-3.205012317680538736e+00
-5.317097151219401852e+00
1.957428703273320081e-02
-2.027950765038420755e+00
