-5.019570375718982014e+00
-4.157670240872366030e+00
-2.261908774548857082e+00
-6.843767450285032083e-02
-3.358743794516584558e+00
-5.890612834539696863e-01
1.223399920107265171e+00
-3.231064701159885644e+00
-2.551062326749837239e-01
-1.107086033486430754e+00
1.998375514512547690e+00
4.043887343506629151e+00
1.822081171958792822e+00
-3.143699665253778974e+00
4.926714489030449506e+00
6.178338207883614652e-01
-1.727521454150138913e+00
2.949001029174694644e+00
2.598625207076012078e+00
2.572107831861740301e+00
4.853878271476141926e-01
-3.798322242051271891e-01
-1.497829593422356664e+00
2.234317551987647921e+00
-4.529179700917501661e-01
-1.308813408960926683e+00
1.495153190523904385e+00
2.133649926442195977e+00
1.174290114309519462e+00
-1.835215440098009854e+00
-8.486366374504856758e-01
2.483058462512442333e+00
5.391935275480399525e+00
2.646687049283512838e+00
-5.704496755835846145e-01
1.016748674133742592e+00
1.771931213696475549e+00
7.580112296269103656e-02
-1.126788000897624542e+00
-1.445639605183986154e+00
-4.197830690965007605e-01
7.308733961110088773e-01
-4.650741104692897920e+00
-4.705266172984066131e+00
-1.344902151424163028e+00
2.214218746096405233e-01
-3.282398761600682224e+00
-3.516120937031292026e+00
-4.974288325998259097e+00
-9.423300029195805783e-01
-3.528649899503033538e-01
-7.091883369537996806e-01
1.506387042998426518e+00
2.187419762736261042e+00
-2.952990430685526579e+00
-8.776096901677385986e-01
3.832444171656475440e+00
-7.670803103259632438e-01
4.657787393051939340e+00
1.821221008422114318e+00
1.237706679471634486e+00
1.105895453440071785e+00
-1.665643363801872612e+00
4.344381290413580343e-01
-2.304117658121976664e+00
-3.303422942775766646e-01
1.181794459615459481e+00
-7.110468577174936522e-01
1.934508243420109963e-01
5.763247050414013195e-01
2.679157365034970706e+00
-8.161648452873145887e-01
2.401376210480114182e+00
-2.976721288741342786e+00
-1.203741749874865929e+00
3.667983837714954287e+00
6.419944619013313591e-01
-5.267497430974897199e+00
-7.835428519627232191e-01
8.633914796877136810e-01
-1.568142443618635529e+00
4.833922348088104393e-01
1.492128581168526757e+00
-1.663774964587236171e+00
1.955989125582633936e-01
-4.233583320503654157e+00
-2.288949123430612964e+00
-2.779915807360048285e-01
-7.505384083272150786e-01
-5.536519711275499078e-02
-3.914663539879390974e+00
-1.992621352650039590e+00
3.194562577632978684e+00
4.793766352106166861e-01
-7.121929925921436366e-01
1.506540917244232891e-01
-3.518933516224854730e-01
2.744769108377155931e+00
-6.357317188763490501e-01
-4.379975792401962775e-01
-2.613519407696900831e+00
4.953179392748098264e-01
-4.596046824053355295e-01
-2.358357200714579216e-01
2.587750694783332861e+00
-2.962469067557547131e-01
3.789413835390090135e+00
5.946899667870373385e-01
-1.411560054383200979e+00
4.720037084214219192e-01
-4.255402071338525438e+00
2.379215528477305330e-01
-1.223474648544398358e+00
1.835719221737099893e+00
4.483651478308302296e-02
-1.728739616538842228e+00
-1.679266555212107104e+00
4.743286582867884404e-01
4.923339397623742730e-01
2.737631947061271998e+00
1.419427031817890317e+00
-3.078098647799525356e+00
-9.043072262740029510e-01
-1.835668625056079861e+00
-9.229648822557668941e-01
2.790877427410361822e+00
-5.752958222450991199e-01
3.497568088639112727e+00
-8.676229420949813642e-01
-3.321813042148831219e+00
1.710805924701245040e+00
-2.416817393397329372e+00
-3.851571041209965518e+00
1.159808647346932009e+00
7.856272883642367866e-01
-9.693258893453982061e-01
-2.512927444491683260e-01
-1.068968613897164577e+00
2.574649080967615689e+00
3.126547364099975912e+00
-7.008925538520706100e-01
1.410886949402205381e+00
2.260632502264815713e+00
-2.241358061530599244e+00
-2.100242641706445479e+00
-1.289739205841583525e+00
8.021700840490012530e-01
1.297039269620521740e+00
-2.804084400628094720e+00
1.137241549266794660e+00
2.229594761772960343e+00
-6.168418396084871524e-01
-1.318521837788089401e+00
-3.978716819537841509e+00
1.341000975984529164e+00
1.730333908431391565e+00
-1.671610000737048018e+00
-3.065187245815719219e-01
1.994857689703194659e+00
1.477571638896080897e+00
1.050194141562461825e+00
-3.819309666081952770e+00
1.634032894422395188e+00
-5.444224991245312228e-01
-3.368471534977855786e+00
-2.610006715750788686e+00
3.133458208314301441e+00
1.083862123888916562e+00
-1.335165565768325679e+00
6.581149013792980673e-01
1.042446450543015740e-01
4.620793424473557121e-02
-3.126779872181404962e-01
-2.837763953403800166e-01
3.512892539988919260e+00
-3.158475827165731609e+00
2.319679067984240783e-01
-1.555620025921014005e-01
-1.368649982043384394e+00
2.639798292807621571e+00
5.583039341022077995e-02
-1.285022771725389923e+00
-1.958358677464256292e+00
7.980722786285172898e-02
-1.496567394207624080e+00
8.585358364094233252e-01
3.254037486836311110e+00
1.607541686508734413e+00
3.203520688233183922e+00
3.864602807286334207e-01
-6.376427258742903281e-02
2.961237092730062859e+00
-4.231592494772828061e+00
-1.354141463698583570e+00
-3.587703465425100546e-01
-3.923813778182370537e+00
-2.385668173044835250e+00
3.270705394450727499e-01
-1.130328806694193000e+00
4.141960044003968555e+00
-1.599218845657182309e+00
-4.086086677400206923e+00
-1.357908119364879873e+00
-1.064145766603639270e-01
-4.171484332313166177e-02
-1.780228883499795911e-01
-7.972367835643492939e-02
3.703702589954020574e+00
-2.311618040750840208e+00
1.609870857247814868e-01
-1.105290277565684320e+00
3.224819998062794291e+00
1.422014779868381540e+00
1.960540623080115341e-01
-2.588416677475134708e+00
-4.711425597324617187e-01
-4.822890267928519048e-01
2.264223251946695825e+00
3.178911077779917882e+00
-1.936551050161455345e+00
-1.168966503357868003e+00
1.945810353106005586e+00
-3.000996734268424060e-01
-2.713726579908812830e+00
1.747935790296095027e+00
2.206588382683211336e+00
3.535943323899305435e-01
9.378709769262257856e-01
3.723519053352778441e-01
1.806173042534645390e+00
-3.064279644479557252e+00
-1.951437444291481693e+00
-1.184063686002970961e+00
1.363505810584733913e-01
6.364017837010531586e+00
2.558443296138526613e+00
-1.629726140883559049e+00
-2.052902822376180048e+00
1.431674725243306412e+00
-1.195744843481751252e+00
1.489330102033960435e+00
-2.360137761278697788e-01
4.003189694020513612e-01
-9.583121124166348315e-01
-2.302895285317039686e+00
1.677577390189422868e+00
-2.473059258203997857e+00
3.680614560989953432e+00
2.190146005275383612e+00
2.579897007450970836e+00
-6.717166531143131669e-01
9.172981082148479182e-01
2.476044580961122676e+00
-3.452152529263355363e-01
1.826999418575614875e+00
7.037450232050987964e-01
-9.056536817006077822e-01
-1.483737757113376299e+00
3.073018079940037062e+00
3.018314656684777386e+00
-1.607627791588836619e+00
-1.697504176957190802e+00
-9.312401443699653836e-01
3.710238962518610073e+00
2.019990326724124263e-01
