-2.576171930636744545e+00
-3.136724635794263527e-01
1.821449144810298071e+00
-3.049382226545453545e+00
-8.054509981549573538e-02
-3.112042995589503036e+00
-2.863563038304182573e+00
9.812036924622624667e-01
5.930782924432836722e+00
-3.412643997141575625e+00
-4.217010752870464785e-02
-1.975661240172063682e+00
4.295678134549071103e+00
2.010786839713704310e+00
1.005115895725004371e+00
7.603028549862290708e-01
-8.676158395853528216e-01
-1.091185990170158604e+00
-4.460228882930387329e+00
4.678655515035358370e+00
-1.148081081125710279e+00
9.540568501481994090e-01
5.811509954865234029e+00
9.801440502823219880e-01
3.009514565999287683e+00
-4.772338633599579438e+00
-4.946340220203738980e+00
1.910054215186807181e+00
2.993091964952019790e+00
-7.779527550138571890e-01
5.697624780801362476e-01
-5.778552855840839442e+00
-4.380270286953349412e-01
-2.513363101400232225e-01
-6.062977891524827800e-01
-5.178565562327097638e-03
-6.796478661112343111e+00
1.051638988221192283e+00
4.431843559790012321e+00
1.102855523280223515e+00
9.540376861890886850e-01
-5.034922953574806570e+00
2.784924516430693053e+00
1.978242361378050429e+00
5.293317066586482600e-01
-6.761920332528903455e-01
-2.367487640679192928e+00
-3.449873978812532993e+00
2.282678101530316361e+00
-2.483561082573477741e+00
-3.048597908462503003e+00
1.670491165324892169e+00
-4.871025646302769019e+00
2.788776423312820718e+00
-1.046995361803271241e-01
-3.919398462665890648e-02
3.405166209291434765e+00
-1.237882899528704339e+00
-2.057503496295536582e-01
5.452821815319120802e+00
2.681800493507327410e+00
4.787359834599125286e-01
8.638613480551415869e-01
3.510258127610583312e+00
-8.533737735923334622e-01
6.615813496974922714e-01
-1.190543435745062828e+00
-1.144179528863200845e+00
-2.704036040473190905e+00
-2.955990793081780588e+00
6.959336618146465536e-01
1.995876599423837217e+00
-2.293735475750302122e+00
-6.373966321789916734e-01
-7.756561408001214630e+00
-2.083975815447518976e+00
1.464517256636270748e-01
-2.361738841621036755e+00
9.074818847293318669e+00
1.425082425718192103e-01
3.148326295885556014e+00
-3.268765633312631813e+00
-4.025820731679278230e-01
-5.145362818304778374e-01
-1.066118132290735154e+00
-3.636617737765477365e-01
2.306638592679477462e+00
3.498156178955328932e-01
1.113871907140328243e+00
-2.990705453751637766e+00
1.372444633783355794e+00
1.403013132025373366e+00
-1.691322581294530281e+00
3.266331834460897365e+00
-1.901652872424671958e+00
-7.440059236542310162e-01
1.193882890294337917e+00
-3.336837704472707777e+00
3.654716823365590006e+00
-8.462486863780693813e-02
-2.994832668695875943e-01
5.216598285117608924e+00
1.015930842924159361e+00
-5.926970513684564068e+00
5.347168577813478096e-01
-6.594386513169290254e+00
-4.333219543949729413e+00
2.687741972407131641e-01
-1.359512069400893974e+00
-3.338225379373392698e+00
-2.998754555160256352e+00
-3.804539773228001742e-01
-8.450073740719554749e-02
1.133555382842423187e+00
-6.394535433357022569e-01
-5.374772364152851090e-01
1.432809911957552362e+00
-1.820079384080703466e+00
8.699339909426320183e-01
-2.064209800643856951e-01
-3.381005095886862932e+00
-2.230319610595787871e-01
-1.661991129975144865e+00
5.910362700929072233e+00
4.857432082536621287e-01
-1.588023227232615131e+00
5.550095519432893809e-01
-4.239862153451173121e+00
1.621256545060481002e-01
2.540404453142331320e+00
8.122408593177907754e-01
5.119154144774683779e+00
1.341574285841960590e+00
-3.067927536211991768e+00
1.883800926597102077e+00
-5.151837975237025802e+00
1.109312776429211445e+00
-3.904761047985796374e-01
2.469139211988883087e+00
-1.239153895216659862e+00
-8.265162975678559398e-01
6.137178096160216256e-01
6.738791107247068091e+00
5.472538995836561782e+00
1.838158035880552155e-01
6.577996106622241435e-01
-3.806679406123854914e+00
1.615910408474695581e+00
4.135559054267267776e+00
5.875240371859119293e+00
1.163701611188912244e+00
-1.781541993132083945e+00
8.724224346108195860e-01
-3.902964731053788494e+00
1.820751319977568894e+00
-7.529013786839486855e-01
2.176992554934317425e+00
8.521879900175384215e-01
3.899631424992300310e-01
-4.174078426137258546e+00
2.172174446081136967e+00
9.807952480130850414e-01
-6.679975240483176258e+00
-5.457270344886464564e-01
-4.142836915248701679e+00
1.028579324539124373e+00
5.096874115062283828e+00
2.347618082313421173e+00
1.377781238410360709e+00
-2.573640067225571926e+00
-1.290233374137700118e+00
-3.904810711929223466e+00
-6.711912712924522850e+00
9.545422977140738396e-02
-1.953103648136681691e+00
-9.234665384843210312e-01
2.394327851168668531e+00
-1.487157301439000712e+00
-8.924719192673896684e-01
1.303548746836278305e+00
-3.464747918049523978e+00
2.483245710123621386e+00
3.123546764669824949e+00
3.771350074554701282e-01
-3.590250566834389812e-01
-3.596384469001803197e-01
-5.910264636169106911e-01
7.160481142430512591e-01
1.227138059376647661e+00
3.835182336182247909e+00
-1.796323457975034898e+00
3.354066825759729475e+00
-6.419487255211802079e-01
-3.243065999253534226e+00
4.518156690832510591e+00
-3.363328452905203658e+00
1.425159141498265392e+00
-3.386402836204426281e-01
6.582771989709158555e-01
2.744627513208199865e+00
1.713721824970838359e+00
-3.501025445639502465e+00
6.054407160628025864e-01
-1.543358230016298460e+00
3.590417441725846093e-01
-1.131112104015331354e+00
-6.121438509605908962e+00
6.084486011941008243e-01
-1.751159800386939303e+00
-1.212240275050977090e+00
-5.864972599765390093e-01
-1.365739266306011057e+00
3.151572139097100766e+00
2.032347926306879771e+00
-4.498456514940384565e+00
-1.625912740983182170e+00
-2.379465939585497125e+00
-8.382214020008991184e-01
3.265820204255143189e-01
2.768147094522088736e-02
-1.060726818833912510e+00
3.507526418749362662e-01
-1.564423776208524686e+00
-3.228110754167787810e+00
-1.772829684209651591e+00
-2.527895899050625950e+00
4.793791539678530889e+00
1.318505596197089957e+00
3.175963590493043220e+00
7.329715619272078264e+00
-7.213976816217367860e-01
1.150535182044124971e+00
-4.031585372953632174e-01
-4.349381065076904918e+00
-5.416606003991032203e+00
4.831716393317058156e-01
1.137522936396563544e+00
-5.254978906191088983e-01
-2.195698832413207402e+00
-3.604274498088459566e+00
4.979941592559194774e+00
-1.833333541771646091e+00
-1.982809050033636833e+00
1.110702217283952020e+00
1.370409410915079729e+00
-2.212958638480535978e+00
4.071961157197002024e+00
-3.127252722386725248e-02
1.616626973674303303e+00
1.272522761152714121e+00
9.218429476709970594e-01
-7.234379069056455780e-01
-5.537656379460715872e-01
-1.521757477236735046e+00
1.146715315520099310e+00
-1.153946528276722283e+00
-4.981473780955376185e+00
2.007621904727641127e+00
3.069102871025227053e+00
3.088428638028304363e+00
9.387296858774288877e-01
1.821361589623822663e+00
2.776322994130532962e+00
-1.790602064308983277e+00
-2.585964242681478176e+00
