1.362018304932750112e+00
2.332952142768631276e+00
-4.162473068250220898e+00
-7.580659906656167735e+00
2.657207760037876731e+00
-1.158887863927189343e-01
1.581361818327094104e+00
-1.823909824144616110e-01
8.756090122099213779e-01
1.465905339689924425e+00
8.980271668902650717e-01
-3.410356211849842722e+00
-2.394276184756601644e+00
3.288904408450104455e+00
-3.413443831795579086e+00
-1.448573103158574016e+00
-2.661735394155247292e+00
3.242698039338529625e+00
4.136510981097302420e+00
-3.138791089369633358e+00
-3.168618591352340808e+00
-1.430931697222459498e+00
-2.642030089161352180e+00
-5.169574425769170034e-01
3.171653032480796774e-01
1.669938364528436026e+00
-3.202526957105130467e+00
-1.419562790626052617e+00
-3.020894719254347827e+00
2.849785569984104594e+00
3.864163076355866977e+00
-1.580985756825074251e+00
-5.357273387253234098e+00
-2.584293657020622081e+00
2.516233835102764882e+00
-1.904127172351055108e+00
-3.652747643100213715e+00
1.882672180807300144e+00
8.454197465430818292e-01
5.521654297371867415e+00
3.958100759816028713e+00
-1.982035322523034715e+00
3.786692770533641728e+00
3.312822732229057543e+00
-1.411728617780088513e+00
2.133399196642918660e+00
5.659065437588953529e+00
2.285434790737680633e+00
4.164478553780420533e+00
-3.816482237963237267e+00
-1.796345565631092267e+00
1.516839029730699728e+00
3.410546354261789759e-01
-2.699949328228399281e-01
-1.564779254015433274e+00
-6.463364231494338696e+00
4.567661191717107272e+00
4.404453304787216084e+00
4.194207276039819909e+00
-2.723053899031745217e+00
-1.929980121091120715e+00
2.368490724831119998e+00
5.885767864927293758e-01
-2.149848130156016612e+00
8.846861895173652179e-01
-1.864942529324463028e+00
2.392335396729965424e+00
-3.675112624830215946e+00
-2.454248642585763474e+00
-4.779262450167452769e+00
3.065909199151888309e+00
-2.399389397900406173e+00
1.772575944983042051e+00
2.197569580877201556e+00
3.703975926629852644e+00
6.236331599488663002e+00
3.037348704395886223e+00
-1.990474742135212249e+00
-3.708222314081654147e+00
1.170847957616132362e-01
5.805061786146037406e-01
-2.892066907509521556e+00
6.091351887891802264e+00
-5.464994258225583934e+00
-6.241086645357594165e+00
-1.039759337242934567e+00
1.899726098561298038e+00
-2.941399214263793027e+00
1.041072647465799861e+00
2.584894122042447506e+00
4.227564572864002557e+00
4.255017039643840704e+00
2.745483848303224672e+00
3.586811996071789466e+00
-1.694058553855203986e+00
6.384504224681073481e-01
6.293588635348413618e+00
1.439826953627528994e+00
-8.588649829809886782e-01
-3.284865495752051778e+00
5.192527855309345242e+00
6.434573056370930466e+00
-2.174980935115893299e+00
3.423541931678959926e+00
2.557393069820128595e+00
-3.281804166464589834e+00
2.416726024065699363e+00
1.288117396327054465e+00
-3.421173193069900087e+00
-1.184798267634493030e+00
-3.928010612727628192e-01
4.848902485042474453e+00
-2.325882710392397357e+00
-4.597592964298927498e+00
-1.547184034957607146e-01
-3.772487469039318420e-01
9.299835309849830978e-01
-1.572887024646579812e+00
5.036370167525813457e+00
6.101631250281331909e-01
-9.458963682580807664e-01
4.275369162718151372e+00
5.122324437232199656e-01
-3.693290500775992413e+00
-2.685846180218456336e+00
1.837685065078574986e+00
3.500344151470293319e+00
-3.665285470286383074e+00
-1.197435254049977971e+00
-2.199011975703731636e+00
3.101384241633946104e+00
5.222947317495858499e+00
-4.883966842773572736e-01
1.679815211327749580e+00
1.813993825037406360e+00
3.711170714874419296e+00
2.888437610270316647e+00
5.151676166570622328e-01
-2.950355677139103516e+00
-1.804335678071077087e+00
3.891454588934371017e+00
-3.298991965199153498e+00
3.042396792807579242e+00
-1.344641554581569309e+00
-4.670733413952139479e+00
4.040847614313507918e+00
-4.182256658691777318e+00
3.873259469345726735e-01
6.163934310556193452e+00
3.691399269888103518e+00
2.906658072308736074e+00
-2.079076486227454001e+00
7.042925663633044842e+00
5.157400516042468297e+00
1.470826522855863239e+00
1.502951061158684265e+00
-6.851271797426283783e+00
3.905270574870222333e+00
-2.535300703632404340e-01
3.884364723433604283e+00
-1.418426908287919730e+00
-1.277571455744023421e+00
2.980249068211129782e+00
-2.709094210538014469e+00
9.257258006366608782e-01
4.934168581878602744e+00
2.892419938489643183e-01
3.005636460393932285e+00
2.031562912087927053e+00
2.891356447276174357e-01
5.814598926571949988e-01
-2.591115343046380914e+00
5.437396549522542699e+00
1.623096995324287306e+00
-4.026053363334352930e+00
-2.523579990438564735e+00
-5.543649177114953197e-01
-5.789444880145349082e-01
-3.425080573299700504e+00
-1.592031542336906469e+00
1.138210779051592514e+00
-3.723230941562691854e+00
5.968818284570736488e+00
4.203914148355871738e-01
3.782755198030553601e+00
2.107221736994771000e-01
-6.242965748202016663e+00
-1.164680513322839062e+00
5.221205327173395361e+00
2.166900929176747148e-01
1.268836893223226348e-01
2.295280507728455710e+00
5.317421449138535205e-01
-1.006860403824322070e+00
-2.027393682044474232e+00
-2.476884976723542131e+00
7.408832953350031891e-01
3.730948263734172876e+00
3.198500386127873796e+00
-1.739316334624445570e+00
-3.705221464476085913e+00
-4.630728892011154230e+00
3.756912828857061903e+00
1.495704227394509367e+00
2.895914867415155802e-01
5.059674980361669405e+00
7.434655613855465361e-01
-1.830673787941297093e-01
-2.564084102468902060e+00
2.055454398266396865e+00
3.240649943674821731e+00
-6.410300168138946653e+00
-7.150146556071392823e-01
8.711355575028356668e-01
4.121938167815871523e+00
2.741344229143836131e+00
-1.163582419569344939e+00
-4.910318712855514356e+00
3.994465592316334579e+00
-4.636643135815833539e+00
-4.770451078011590518e+00
1.066915606699455399e+00
5.174010377219317114e+00
-4.180195540519298980e+00
8.704160419296940177e-01
-1.254626390627338495e+00
-3.577849367562238037e-01
6.393221786659066375e+00
2.866431959293453957e+00
-1.670611518715918509e+00
4.797400342729770673e-01
-4.877573470677567968e+00
-3.706705573152974331e+00
-4.868950505737776879e+00
-1.671706590035405782e+00
-3.196983823909891775e+00
2.144845392881231660e-01
-3.790447625754304717e+00
4.771890848159657139e+00
5.267869576698345213e+00
-3.952098158619578250e+00
-1.662182229138220890e+00
3.383193714015867215e+00
-5.247416386440460379e+00
5.016731113995653857e-01
-1.474030130156986251e+00
-4.712137324264788596e+00
4.531065092011082207e+00
6.048861346292348173e+00
2.806521894249726756e+00
1.219404609253942340e-01
-4.684620542416148226e+00
-2.765471847979187991e+00
-3.456840463924766738e+00
1.383129406942115613e+00
-3.085914070265079800e+00
-4.349802822691671622e+00
3.014692798657715223e+00
-8.045613991831945810e-01
-1.712389267276349436e+00
3.068718604772975311e-01
-6.328644291266993349e+00
-4.053367868704329524e-01
4.496352095995209019e+00
-3.390393455346247364e+00
