-2.425252592066576618e+00
1.179667956124712536e+00
3.007888093835086041e-01
-2.551234363133574323e+00
1.390145515966639822e+00
1.191688154451042703e-02
-2.527812989278408917e+00
-2.876784840604427629e+00
7.525628661181211765e-01
-3.742776780650618473e+00
9.529103087342842560e-02
-1.767891819613390259e-02
1.142236054080512764e+00
-3.823492402302495208e+00
-1.964196022708118994e+00
-3.032693821303019011e+00
-1.007806311088654372e+00
-2.679996093563705717e-01
3.554926238717821096e+00
7.858779778459569210e-01
2.761862576681024084e+00
-4.528902818843121847e-01
-4.250361766518338108e-02
-4.164466100442953511e+00
-6.838986095897310324e-01
-3.008522042155665766e-01
-2.853613220687008400e+00
9.627948490821451877e-01
-4.495149993134143429e+00
-6.479826814201990359e+00
-2.035290955539650781e+00
5.722102585521533946e+00
9.268390203345906464e-01
2.082879358809239245e-01
3.835922553745248487e-01
4.379818585000512243e+00
-2.082849592214867318e+00
-1.795804742172193658e+00
-7.017760327383220087e-01
-4.424583732665106628e-01
1.159950080466297884e+00
-4.399772060664417950e+00
-4.677318807901822417e+00
-2.080854788896804752e+00
-3.495790365491440177e+00
-1.268225441110532314e-01
3.353535474426371898e+00
-6.468286279868501465e-02
4.393978869366991447e+00
-4.362463240650274798e+00
-3.103866566025548918e-02
1.406270356078300310e+00
3.658884273708508772e+00
-2.923172838531531870e+00
-1.689601308152436587e+00
-4.869026536336637179e+00
-7.528758545560586546e-01
-1.417844821214541140e+00
-1.856301958124209728e+00
3.680982888546389997e+00
-1.926074835441375477e+00
-3.656163150252487615e+00
-1.923297707259114864e+00
2.105706763323386355e+00
-1.266764085712194676e+00
2.532186417212973772e+00
-2.324870783825172982e+00
3.331734187016371918e-02
-1.998049286238253730e+00
-1.672809768335130398e+00
5.904277791147326537e-01
4.265682819135408366e+00
1.014487556951394254e+00
-2.718544541243103740e+00
3.696978627439382770e+00
-3.354812496005252775e+00
1.040244738991017659e+00
2.949063260405409448e+00
-2.673827260415385876e+00
-1.237525806064267986e+00
1.219862025256915672e+00
6.033570697156865670e+00
-5.841419529076551598e+00
3.022083772919289757e+00
-2.281767587171899425e+00
6.868390507284652946e-01
1.028918177569562609e+00
-4.165788224372506399e+00
-7.081126576322481769e-01
-3.471056224309627680e+00
3.099159737410214888e+00
-1.412130970414526843e-01
-1.738006902954554844e+00
-2.655996049408380077e+00
-3.874568827451703168e+00
1.060785076176856551e-01
2.146682096262104711e+00
-3.117681952678641455e+00
6.463608286481134502e-02
2.685710799121129533e+00
3.335655619919867032e+00
5.055042976877833105e+00
1.628814177187126955e+00
1.739166314436695338e+00
4.549810556782662552e+00
-1.657577777116719497e+00
2.875786310439130578e+00
-3.533728406310714387e+00
1.078902286879831696e+00
-3.413874911865817818e+00
-3.260013023822191602e+00
1.005730609357356364e+00
7.778698451437185413e-02
1.770161203526797733e+00
-1.680735719498251735e+00
-3.680863647205161904e+00
-3.192010654449280782e+00
2.657337824881237154e+00
-5.694270534554026625e-02
-1.878013949214212497e+00
1.584894293612700178e+00
-1.962737742310590727e+00
-2.489470406712232520e-01
-2.567265143843462827e+00
5.079006228803851775e-01
2.650985599959170824e-01
-7.987406144647057893e-01
-1.821157843406475019e+00
-2.524013042285925046e+00
1.316212248932963513e+00
-6.240662020458401793e-01
1.776094551632485530e-01
-2.092851272230554560e+00
1.376796574841787413e+00
-4.281589415861551395e-01
3.711578594975800005e+00
8.635944149748848275e+00
-3.897671625491503811e+00
7.210683185396847827e-01
1.043644797852332662e+00
-1.504676066203131546e+00
1.328486350554680673e+00
1.358408947119658539e+00
4.302224541995794738e+00
2.020901086809157032e-01
1.410358515093444343e+00
-2.098185499981501057e+00
1.350711154887398457e+00
4.533280453865783599e+00
-1.704451205648004564e+00
-5.172224172238050421e+00
-1.913109998364563857e+00
-1.582033760922668231e+00
9.628598453899011034e-01
2.457307529732715601e+00
-5.324205264996109133e-01
-4.687151308299193353e+00
2.050999747470604984e+00
3.543142144740625832e-01
1.358154072623176667e+00
3.150350271769131183e-01
-4.493839123140642933e+00
5.165697469198557101e+00
-6.481974733251837151e+00
3.248455619481365630e+00
-2.891422747932762771e+00
-7.117830942722268572e-01
8.029009834394583711e-01
3.080323330920066383e+00
7.349415775747514257e-01
-6.869508486896777066e-01
1.410064815899033874e+00
8.574660686735592341e-01
2.058557594958071224e+00
-7.491607379012574230e-02
-1.930469555815271798e+00
-3.611163262508299887e+00
1.547260145013245713e+00
-4.846506442428384909e-01
-1.700487444496573186e+00
1.583052096058665814e+00
-2.209469036964820443e+00
-1.873186707076351931e+00
-2.030177547171376329e+00
-3.087203187024534223e+00
-2.416615912916599829e+00
-2.727157925825665519e+00
-2.572050364327843397e+00
3.113488245799986398e+00
3.662781949831771300e+00
-1.762865194372925881e+00
4.777346354045897692e-01
-2.572849204189653793e+00
-4.446097598500748482e+00
3.421093834121043953e-01
-2.770526023523591341e+00
1.676874194038499910e+00
6.126823726156317429e-01
-2.871723432921581498e+00
5.622656534731858002e-01
1.477103733507957317e+00
3.088089673457923734e+00
-5.203733722260063532e-02
-3.536139615748834952e+00
9.392112388517437349e-01
-5.218259148676627213e+00
1.558466834170514126e+00
1.599595896362182135e+00
-1.734819595310177931e+00
7.302813905340062028e-01
-2.807855054158343577e+00
-5.577383640377155949e+00
2.611061805672245661e+00
2.333061168311048039e+00
2.305623863819749264e+00
3.791526396232965390e-01
2.003086943695994382e+00
3.474704815715875750e+00
-6.444971251330684492e-01
6.298045513597319012e-01
-4.286540700969266204e+00
1.834777055059370499e+00
3.645823721508900661e+00
-9.936186446776578141e-01
-4.131326164205495921e+00
-4.562106999947157959e+00
-1.989185709185796291e+00
1.985812186189885642e+00
4.157052867021651110e+00
-2.529952993984541987e+00
-4.116759862653645463e+00
1.710268388564117448e+00
-3.933127818213964400e+00
-1.099478254153031243e+00
-1.557493353016617510e+00
-2.839722446733400352e-01
-9.558829976102343196e-01
3.122521206961887952e-01
1.451916949748005337e+00
5.493474882398762027e+00
-6.164783503789944552e-02
6.647692665473060813e+00
4.573897740214379337e-01
-2.188566773707288249e+00
2.998900464963346391e+00
-1.844516575946997250e-01
2.752429440141254124e-01
1.680778103715238725e+00
2.113378393017640022e-01
2.663936567763969698e+00
-5.228209959520167871e+00
-6.071661814940233493e-01
7.084490189858172471e+00
5.933933764573988690e-01
4.309021649486700634e-01
-1.951110602996951826e+00
2.874516649401236190e+00
2.049521099644405098e+00
2.276447533099951182e-02
-7.267282574467709422e-01
-3.962397645435431937e+00
1.409313249943525914e+00
4.938431536486655560e+00
4.983134552208356105e+00
-1.335060319725562383e+00
