-3.636692265132446811e-01
-1.574596908534473538e+00
7.289329001173694422e-02
1.834562446571859962e+00
2.477721526116534179e+00
-1.441140766111409732e+00
1.334601966501157477e+00
2.313720886653765074e+00
1.753384213450587481e+00
-1.520272468211680605e+00
-3.540644023999495182e-02
-3.462725370767194555e-01
2.377473652822096106e+00
2.452797684391322952e-01
2.213422280816143228e+00
3.550429610429887362e+00
2.750727282763697268e+00
-2.754136647001055760e+00
3.929750698901281147e+00
-6.306407145105308309e-01
-7.429816116980131113e+00
-2.423272259008101837e-01
-1.735656584223068899e+00
2.051687813325740795e+00
-1.225191903941878602e+00
1.333205795781862157e+00
1.515965021598407958e+00
-2.603313815508158768e+00
-1.816608649279451981e+00
9.608707658222258585e-01
-2.368402276513651650e+00
1.202040733948346762e+00
3.398851209675868290e+00
-7.738161429548279235e-01
5.115762078201957497e-01
8.143589449540078462e-02
-4.608362885819309307e-01
-1.577774833794933551e+00
-4.475769227671591466e+00
-3.942702548085962544e+00
-2.391432742730203564e+00
-2.294380680634993674e-01
4.733217358650991358e+00
-6.513636554908550647e-01
9.994051514058597263e-01
2.871429495600803516e+00
2.093636906172444689e+00
-2.134413069816823327e+00
-5.342408664145665398e+00
-2.652946012547816035e-01
1.245476352413086851e-01
-2.509394060317919006e+00
-5.089379930452306855e-01
1.310029915649216115e+00
1.749873674607867358e+00
-2.002219791992039255e-01
1.359393245855574639e+00
5.495798371419875483e-01
8.429307509719673464e-01
3.567474170479571494e-01
8.052750508540091889e-01
3.447823411491645285e+00
-1.176759369370072417e+00
-5.604109998509886559e+00
-3.404242749014098735e+00
-1.260973297781084135e+00
-1.347981899882753964e+00
-3.190972723898164443e+00
6.349653101480956074e+00
2.214363642750067029e+00
1.798767112033445859e+00
2.880044576380520471e+00
4.572417263997105685e+00
-1.124847908660443485e+00
2.078985025153681221e+00
-3.090534129882646308e+00
-6.094184335574714950e-02
3.232026169858649656e+00
2.225771427347516429e+00
-2.860140496495431339e-01
-4.019280615736920304e+00
2.808175888904890449e+00
1.383174028907810271e+00
-4.345667724638638596e+00
1.084838779287039312e+00
-5.203979664501239277e-01
-4.807091931691836351e+00
2.546352844229230250e+00
4.227221409174692468e+00
1.660756520975140926e+00
2.770443717961701857e+00
-4.149869895212063842e-01
8.467424830291659932e-01
2.538948953143642662e+00
1.662856241976240490e-02
-5.901287101535553914e-01
2.295775787436487025e-01
-3.707904862413958114e+00
1.752259176762053006e+00
2.889727565474552229e+00
1.674934535265109492e+00
5.987671593637831080e-01
4.637060867517893703e-01
4.111918789796778384e+00
-4.050378213174697706e+00
1.245842094653559773e+00
8.705184496536265693e-01
-7.290389630720552905e-01
3.213371386122118700e+00
-5.051901074447773254e+00
-8.254780244843114012e-01
1.286330293877359310e+00
-1.829118203415498911e+00
-2.119870099143414954e+00
-1.661986317324934515e+00
-3.199527154783199823e+00
1.066714651005789438e+00
-1.166630885461423350e+00
1.510118599212290968e+00
-2.958863413587137003e+00
1.606930045896715065e-01
-2.088589361632042340e+00
1.349719799055799196e+00
-3.329259504146041326e+00
6.326158240498972241e+00
1.892881634041405636e+00
-9.365330578976199805e-01
4.155621676911586349e+00
-1.284980617674405856e+00
4.243179902308761520e+00
8.960901255880393546e-01
-1.447604568591136065e+00
1.170582183151976929e+00
3.822744352086762554e+00
1.575696811133969089e+00
3.582868523540644112e+00
1.278956432943150423e+00
2.855455844465432769e+00
-7.399633424893689027e-01
8.527676806269024468e-02
9.878500201698195982e-01
-4.597769787314954781e-01
2.914007713335184491e+00
-9.428812459687057057e-01
1.587213225095056135e+00
1.174451568030781656e+00
-2.986739457834279854e-01
2.951432974501184248e+00
-1.502354322309449097e+00
1.244753216641957039e+00
-2.206407194072964595e-01
-1.786820994319781031e+00
-1.322666602275466285e+00
-9.722835542753669458e-01
2.223586790075223973e+00
-2.937589447581995472e+00
-2.842516734855640603e+00
-9.550439299804436288e-01
3.275817230457694684e+00
-3.768296392802792827e+00
3.402987014976136315e+00
8.153791596114149387e-01
5.806865705675996470e-01
-1.767353190277558328e+00
1.333047709624696431e+00
-3.964023374575378789e+00
-7.979908375009999721e-01
1.507884820365142486e+00
1.750335705044106405e+00
2.552736683949943242e-01
8.081109236814210117e-01
-1.582291001195688940e-01
-6.200703558925736436e-01
-1.334412729695708677e-01
2.508475878806715187e-01
-3.998723427026003918e+00
2.282638372732558985e+00
3.771039824630510129e+00
1.960529037814868758e-01
3.499313980438953919e+00
1.197826800368597011e+00
-6.146605381966325776e-01
4.339619686741413296e-01
-1.138913549172866357e-01
-4.857359863725396742e+00
1.369943631060436928e+00
3.055656607417143178e-01
-2.772198033575141718e+00
-1.663041869567997821e+00
-7.887110270203778750e-03
-1.664574782396055053e+00
-3.104696713932340479e+00
-1.789529480938156780e-01
1.308317167298362893e+00
-2.075404184122681794e+00
-2.788497434078219595e+00
4.954890624476499639e+00
6.729876633601630687e+00
-1.183971839493592970e+00
-3.590161603757475728e+00
2.191466835035721594e+00
1.003902755882622566e+00
1.769544573499876483e+00
2.584761903159875640e+00
2.561527004311352940e+00
4.429124020612239754e+00
7.869401390677378538e-01
1.369065731593964719e+00
2.441360297167778359e+00
1.104993196794246790e+00
8.049664966718061976e-01
-2.320988185597018028e+00
3.718945777183306767e+00
2.623873097706049595e+00
8.283696997180761690e-01
-2.443814581252004459e+00
-1.604660659661845123e+00
3.225723751546154539e+00
1.890219467795698272e+00
5.124775806162993330e-01
-4.718074476338371959e-01
2.658951748836586582e-01
1.541142012890847068e+00
-3.913220102857171145e-01
-2.189738877628680802e-01
-2.772587658578486547e+00
1.344593542587796398e+00
-5.723862709474669686e-03
5.431338468581737189e+00
3.549639321604369790e+00
2.258813052820146439e+00
-5.051292628798153217e+00
-1.296366957900567662e+00
-1.105905905845937787e-01
-1.767433245105251904e+00
-3.557864633075868532e+00
-1.604715297857224332e+00
6.404452345149264092e-02
6.138269066706367738e-01
-4.040247097912051721e+00
-3.707292770750946431e+00
1.102540090127639649e+00
4.437448788112106079e-01
4.089577084375195959e+00
-2.421288651305863571e+00
-7.163476909857693364e-01
2.406076164031057729e+00
-3.040313407312957406e+00
2.718319586003506316e+00
-9.439805862516312818e-01
1.846321974734472793e+00
3.031927703604206936e-01
2.508114580828380014e+00
2.139774698198138869e-01
7.350684214826879170e-01
-2.636533560428597323e+00
-8.564829700387666112e-02
5.126953449163431653e-01
1.069234567898345256e+00
7.758855309457641791e-01
3.655102995096550789e+00
-2.478589045670791524e+00
-5.382199978969489651e-01
-7.615059860407150660e-01
-7.091622394646712735e-01
