-5.204246855032057528e-02
-1.579337281456760556e+00
1.234254237550854283e+00
1.892361964970433075e+00
-7.014239019691026478e-01
-4.275627152204985570e+00
8.152153979009856499e+00
1.644149380391597415e+00
-2.976873717579932688e+00
-6.440399408366483947e-01
1.933315744309724415e+00
-2.950283311416377785e+00
-3.346319013864065273e+00
-4.417858796824118528e+00
4.883030674027331486e+00
2.859551537315264902e+00
5.098165589915579776e-01
-9.670169736062161903e-03
7.705672077714876833e-01
-4.913233097329959165e+00
4.523269287247296822e-01
-3.261808768269260916e+00
-1.835036709441292713e+00
1.851090196521712583e+00
-6.487208168315234946e-01
-1.349334928754641894e-01
-1.966047517711221992e+00
-4.246316218351844363e+00
8.974069482638618034e-01
-3.230392654632823213e-01
4.525766019463360657e+00
9.633016248601071752e-01
-2.105109222632060906e+00
3.764029523691087675e+00
3.469781722508514576e+00
5.824342687791594031e+00
-2.840382605548319894e+00
1.899737501247050542e+00
1.042090339943940069e+00
-4.366443325994560531e+00
1.680609376680384015e+00
-1.061495013101287466e+00
-5.968588376803849904e+00
-3.268770808482476031e+00
1.621794826045501070e+00
-4.641056405259258444e-01
-4.524164384467019295e-01
1.387739594068767346e+00
3.369036451173915925e+00
2.209534179613031668e+00
1.376160428019026494e+00
8.563917816482402579e-01
-3.209479119211332776e+00
-6.850780715632049933e-01
1.078209009347507408e+00
-3.921617598462651122e-01
-2.500006080658818686e+00
-3.468562864001013546e-01
-8.426923056656543398e-03
3.435422434197691888e-01
2.675480972397174639e+00
-4.042251125688631208e-02
-7.682195748444716976e+00
-7.779789256097464634e-01
1.961640111599917580e+00
1.889769144984090321e+00
-2.681787887437176998e-01
-3.904210348650120732e+00
-2.655964216705571257e+00
1.632881861416088043e+00
2.605309240099300094e+00
8.564660583237505564e-01
-4.749513168593515189e-02
-9.334540672129313377e-01
2.167415349634797206e+00
5.244304574766931459e+00
3.919934896120386814e+00
-1.266724804407807436e+00
1.799661753074227821e+00
3.495028103030338951e+00
4.927396073226374407e-01
-1.584486409525081019e+00
-1.408556936230048073e+00
2.363984941592855105e+00
1.350814709679292402e+00
-7.367681130137611056e-01
-3.341414173453146397e+00
-1.450707604082352997e+00
-8.516742098892562396e-01
2.576415884797440548e+00
-1.101000431272832536e+00
9.251624536375299690e-02
1.391443464614817493e+00
1.178961382556520610e+00
-4.552764488933150666e+00
-3.324203015795883953e+00
1.697810469716203530e+00
-4.978562498474441433e+00
-5.448870877498838361e+00
3.523217119788630391e+00
-2.217910303245897441e-01
1.441221378408294451e-01
-2.453849774254977412e+00
4.391355523054803811e+00
6.724560788069435802e-01
2.442345198477781754e+00
-8.399123657743461369e-01
-3.740676801904984750e+00
3.860571697947512426e+00
2.520022445306337566e+00
4.394881003711432754e+00
-4.329627388956157397e+00
7.745925339785759700e-01
-3.538435816137483592e+00
-4.069670031764504259e+00
-2.236308028439687234e+00
-4.001156050756780047e+00
-3.555808790896427318e+00
-8.919836871245230281e-01
4.956823942753941559e+00
4.053012821762096429e+00
-2.800177958257120459e+00
2.502736375232156085e+00
-4.972089906917772639e-01
-2.103685523905024723e+00
-3.675540445155386138e+00
2.433676536204004925e+00
-3.626098370132508908e+00
-1.355904123789829940e+00
-3.661657686182369087e+00
-3.528821909871524554e+00
-1.998761937102361275e+00
-6.569681748775590968e-01
-2.922087075287834512e+00
-1.400114423149002585e+00
-3.017422648387697137e+00
2.807777080518357060e+00
9.358256610386990471e-02
2.213990458298933928e-02
3.808283489532966914e+00
3.512061517342597750e+00
1.028024182684328380e+00
-2.540354859109881236e+00
3.238992017711366245e+00
-4.242822560501597451e+00
1.463521579121149552e+00
-3.979262074035210262e+00
-2.344350370709649134e+00
3.701968441167498458e+00
-3.495119934706463649e+00
-2.537610759906187230e+00
-9.478676903633229678e-01
-6.561065667897409970e-01
-1.435331358410537383e+00
1.857041186401057198e+00
-2.470646410625791933e+00
-2.659746606234682176e+00
2.695853599964590508e+00
-4.182537452787959964e+00
-1.152360902347572713e+00
-2.893917829021620758e+00
9.275952231239747992e-01
-2.934330097990280883e-01
-2.013123832924949674e+00
3.486028274369307844e+00
7.611987929349266491e-01
3.803372490932475092e+00
8.163091486711471223e-01
-5.407631943609428227e+00
-4.347234140916376610e+00
2.446946311072419444e+00
5.927885009751369338e+00
-3.321727780388900708e+00
-5.228215411018029002e-01
-6.725816227563805594e-01
1.327730761429400941e+00
-2.463960276739969757e+00
5.375269831691407596e+00
-2.217489117177640967e+00
-3.486430856833363734e+00
3.059659281086446025e+00
-3.524545308902950591e+00
-3.141926862352176553e+00
-1.488837880053614393e+00
-5.377016456602334848e-01
-7.328553948956186836e-01
1.222731009812314085e+00
-3.268428287092842499e+00
1.854349884608433641e+00
3.263621919760003376e+00
-4.924062367865407630e+00
-2.777253198068876827e+00
-3.770451631091366274e+00
-1.968933263725713978e+00
-5.166374475813217515e+00
-1.295447536580436987e+00
3.120858018733642325e+00
-2.404026926838973122e+00
7.752187776881016568e-01
-6.267378046081272913e+00
1.081066077838862993e+00
-1.913657638836898656e+00
-7.147227414594525818e-02
5.148703159470354507e+00
2.256988028236249555e+00
3.935244741811390334e-02
-1.367649257650354500e+00
-1.956360991277243666e-02
-3.106987128421592637e+00
-2.168441115344608594e+00
4.267550887627328260e-01
-8.690985404122106850e-01
-2.586316583482765719e+00
2.129662477121526454e+00
4.936773659985260049e-02
1.486289376142374774e+00
3.337594601080451362e-02
9.459813015773765876e-02
4.996884006454051175e+00
-1.120537531201866166e+00
4.225148402690569682e+00
4.525171427298932514e+00
6.470275079796716788e-02
-4.916060000234243610e+00
1.036500844436060859e-01
6.725562953897328278e-01
-8.363754778136758272e-01
-6.953214855369248548e-01
4.753800998974920589e+00
-1.344391206297908203e+00
-4.989691623803805598e+00
-2.143754334012004381e-01
-1.628680652987585686e+00
1.458487204642825885e+00
3.517401230686604485e+00
-2.892264757879621673e+00
9.078721516817616077e-01
-1.133355859952699607e+00
-5.042937994810943181e+00
-3.153858351475849808e+00
2.142197713072206522e+00
-2.177794553740918015e+00
-4.383765267263628473e+00
3.561258722786445841e+00
4.241333997987084992e+00
-1.070766714561789623e+00
1.760595633316343500e+00
2.727316787478485161e+00
1.072513486029389007e+00
6.471874279459784995e-01
3.901740935481445849e+00
-2.756221237843408556e+00
2.325027742506397682e-02
2.338809693657057043e+00
1.033109316041795900e+00
-4.309689069353367152e+00
2.452098896929836513e+00
2.798177315881444471e+00
4.340896897708391933e+00
-3.919791042215592380e+00
2.449158740707650495e+00
2.733148864170429349e-01
-5.513208986810407275e+00
9.316028764058678080e-01
-6.021117145688821282e+00
