-4.414249130439085178e-01
6.643952719052372835e-01
7.791049885462839608e-01
2.583282399126152651e+00
1.205868049891382077e+00
-2.251376156085490798e+00
2.438363524235009905e-02
1.717945454837457309e-01
1.230932724803859291e-01
-5.757638268428549866e-01
-8.806228355238387984e-01
-9.237428005017909172e-01
2.312821451260730576e+00
2.115836944880117976e+00
3.256638082717366878e-02
3.753758686302056113e-01
-1.649191484576729927e+00
1.854871766191962479e+00
5.125000113251356737e-01
-4.576290560555376086e-01
3.205844359923822662e+00
1.361045705039276132e+00
2.092695054127441612e+00
-3.485610779968313810e+00
-8.715161428417719236e-01
-3.839952311088903336e+00
7.085834186480383101e-01
7.435208586150983123e-01
-9.837098279131505363e-01
-1.736817664664103145e-01
1.895971838600140957e+00
1.166459077678422052e+00
-2.016755150694331256e-02
-4.185624559756699337e-01
2.110361088690355214e+00
-1.297061155724479331e+00
3.572216466797899503e-01
2.327131748419790092e-01
-2.039120239874295137e+00
4.952248030096930154e-01
8.162221541719922868e-01
1.367704013480745218e+00
-2.314862694370227736e+00
9.234802925826035569e-02
-9.183043317634728697e-02
-7.328862888089154870e-01
-1.063648793834548467e+00
-2.442646512084484023e+00
-1.384856524458022209e+00
-3.941454517680531566e+00
1.301014794414965703e+00
-1.932388145056008533e+00
1.264096387093353702e+00
-1.023814871976083118e+00
6.712065545812530010e-01
2.103394456633342902e+00
3.658959241773048765e-01
-6.502710645588389848e-01
8.443933660522577878e-01
-2.154712592959931339e+00
7.733718992989838670e-01
-1.601692835871552312e+00
-9.844776724140563706e-02
-8.408605470773063972e-01
-1.884637401506180865e+00
-2.801030516738751253e+00
-4.378341281665498741e-01
-1.256654953617481585e+00
1.779333891687728153e+00
4.702384585901263070e-01
9.631431030392698656e-01
1.431563937583558932e+00
-1.168105781440873514e-01
1.471342152711624107e-01
-6.889709271907593635e-01
5.512488639305497262e-01
8.673951354111062440e-01
-1.001777605386685588e+00
4.020446649354143531e-01
2.083659528339093514e-01
1.526250738996202116e-01
-2.248351401046418119e-02
2.070590543501005243e+00
-4.895556372245875032e-01
-2.485453563365415952e-01
-5.011157475810232853e+00
-1.281002616800047456e+00
1.366841559631577940e+00
-8.228911798331595140e-02
6.713976794673304216e-01
-1.170304231125373073e-01
8.079814252480055359e-03
1.305864709461191042e+00
2.731229647073760702e-01
1.202222816668561123e-01
-1.340568425676045283e-01
3.486385413637508979e+00
4.655599397103566517e+00
-2.627695956047375603e-01
5.907842180638174234e-01
2.734595837107352434e+00
-3.357574342776913134e+00
8.252029401270108977e-01
-1.543529416335150062e+00
-3.530380117251033845e+00
-4.230792750341867414e-01
7.475698181654246710e-01
1.611123326972751624e+00
-8.690892910056813303e-01
1.554178551136468300e+00
-1.843599557636805164e+00
2.298797519517670196e-05
4.423257102558226794e-01
1.162866577988067363e+00
-1.465232813705923620e+00
3.459328687479668929e+00
6.558696032836560663e-01
2.370465581835125235e+00
1.776263810947411814e+00
-6.084360549447187516e-01
-1.473321058681511975e+00
-1.247831508870296480e+00
-9.568079814407599581e-01
-1.111985029124261004e+00
1.764310150846657432e+00
2.899417565507801386e-01
5.333510832270905722e-01
5.594173802443889176e-01
5.249905621965900160e-02
-4.845319262104419433e-02
-6.032788115515830274e-01
1.991128871961271307e-01
-3.361001979737336942e+00
-1.577658981978492303e+00
2.144277800835361347e+00
1.862365071323042409e+00
-2.023929592245710118e+00
9.940373127288815169e-02
1.581533205005868914e-01
1.330676595067345147e+00
-1.104219389402719964e-01
2.933139516529926549e+00
5.055217837134301506e-01
5.554928503099331172e-01
-2.092301729534293830e-01
-1.371931260716191314e+00
-1.020162483189580804e+00
3.529266822350070942e+00
-2.789854192285335266e+00
-8.815948624647393372e-02
-1.424585058027673989e+00
3.413359278244369577e+00
4.092393801768451356e-01
-1.104799573821481751e+00
2.262748744045906812e-01
-1.770109291317231159e+00
2.784151682199056399e-01
-1.253462358620727191e+00
4.079647413792013011e-01
-1.994454239243648619e+00
-2.252119806392656187e-01
7.818652304387265772e-01
6.394850226787567316e-01
1.873234811285830803e+00
-3.911566196449157706e-01
1.044527989636422127e+00
2.965495465503976025e+00
1.404750991052112541e+00
-1.930278623043083508e-01
2.173287923429518820e+00
-1.947722249711349995e+00
4.134237673737034546e-02
-7.610093147701579852e-01
1.969040196157871403e+00
3.037369464592654555e+00
8.000593898016774563e-01
4.088254301427896031e-01
-1.196708775858714047e+00
8.245127393558778772e-01
-8.078101821040647446e-01
4.891685640072529484e-02
-3.578121949423809234e+00
-1.885975022788600519e+00
-3.495798949431096148e+00
-1.300949379936964911e+00
7.884928166793889193e-02
-6.947996693511404587e-01
4.253725863197486134e-01
-1.017504063652256763e+00
-2.252328116232584776e-01
1.690246796856253786e+00
-9.532464718964094308e-01
-5.898135271295426030e-01
7.370228888912049303e-01
-1.177954084646795962e+00
2.758618789297334395e+00
-7.746737756218938786e-01
-9.743310587466433859e-01
6.066237656336304074e-01
1.171983000530075758e+00
8.844768585819596796e-01
-4.481634009917702111e-01
1.965780826861352804e+00
-9.202400467746424395e-01
3.159532418598223202e-01
-2.968844073476666345e-01
-9.749250354886282999e-01
-2.767485305682414243e+00
-1.631168221708104493e+00
9.470763989175665643e-01
-1.562200186735753782e+00
6.751890975967558273e-01
1.127802410370820851e+00
-2.805212304776922849e-01
-9.140590129661512186e-01
-1.363339523726946112e+00
1.401364944798711709e-01
1.005593578208276773e+00
2.059770850690137767e+00
-1.547733123097226882e+00
-4.665841553070627645e-01
3.160342668948166178e+00
8.443387895996905534e-01
-6.656764774351784375e-01
3.458431459922470808e-01
1.731202623770664029e-01
-1.249214234953980318e+00
-2.031665092378054371e-01
2.168407828920714819e-01
1.736775765217799750e+00
1.342317947259999422e-01
1.919463352974197790e-01
-9.196869449011985109e-02
3.395248230981897652e-01
1.482068192297246290e+00
2.554689736954609991e+00
-3.029343933853613446e+00
2.053231229359305132e+00
2.525617770035650800e+00
6.925677722631874422e-01
-5.079336521330368726e-01
3.832643925880750424e-01
-3.812911322861217922e+00
-5.406123202273800388e-01
-1.740573362073943864e-02
-5.863789415119511350e-01
-5.409329930028530242e-01
1.165430172565907752e+00
-2.755389375051184864e-01
-2.780523357477422408e+00
-6.893185467275319001e-01
-4.194022927345909535e-01
4.961672068817151171e-01
-3.375441883306837809e-01
1.811173624151775075e+00
2.735841797444019452e+00
-7.552065742315372532e-02
-3.152796034706021322e-01
6.493935343298253837e-01
4.870465481861641077e-02
1.534144737288666960e+00
2.154503376285529015e+00
2.937880457157815428e-01
-8.450687947816587497e-02
3.486058791069009954e-01
