1.102300863164803468e-01
-1.342643775960026042e+00
1.741316484125027930e+00
-2.174236949909657213e+00
-4.242443083892271094e-01
-2.051466919439681291e+00
5.798787956178279579e+00
8.522987130005470480e-01
1.303945154771710246e+00
-9.832323627105399311e+00
3.272271520949728618e+00
-3.301971993971449137e+00
4.945427799008781378e+00
-3.114691858694234483e+00
6.751943434557200474e-01
1.974926557108741543e+00
-3.630460512762676006e-02
1.057375283993589044e-02
9.273274583419890416e-01
1.776164979616157824e+00
-1.821780024909574358e+00
2.128975259457114966e+00
1.405263957274045294e+00
-3.704485513584122369e+00
-9.330574699836453600e-01
2.423441998994864566e+00
-1.234265712640219448e+00
-3.826614606035293686e+00
-1.500256937940910529e+00
-3.455055656921702578e+00
7.011029925545065211e+00
-1.197542463074378727e+00
-7.542503038917116598e+00
2.339052051462251036e+00
2.218270143138534323e+00
1.782884087878270796e+00
2.324902859128345600e+00
-3.040381723930910773e+00
6.776733879802749883e+00
-3.958475857837051137e+00
2.148525028425976480e+00
-5.850835332912845743e+00
-1.624640499054729403e+00
-3.286374329356982038e+00
1.204173870946949165e+00
8.789909857757904899e-02
4.068142073042795737e+00
-3.967831524991109138e+00
-7.682717739308984051e+00
-1.562018256061764809e+00
-1.246394012080932479e+00
6.166454848090427987e-01
2.655733497837087675e+00
2.742827909922441965e+00
-1.823951131004004633e+00
4.229575977656887531e+00
3.945617626716558135e+00
5.862752240270401316e-01
-3.900419125443022494e+00
5.021816873222627819e+00
-1.156371035933156266e+00
-3.539420387865065631e+00
-2.254623725526144540e+00
-2.138934913047525477e+00
-3.319152066340606222e+00
-2.412932032743074995e+00
-2.221137548048220278e+00
5.095777785731108622e+00
-5.583877696022154780e-02
-1.828297534410117775e+00
1.457091402740880781e+00
-2.596751341079563069e+00
1.674421880006920826e+00
-1.799841430878606374e+00
8.991234054751775506e-01
3.301787391449003017e+00
7.480927830497208220e+00
9.012970590671068871e-01
2.284699476872865453e+00
7.785539013381980844e+00
2.046366880478549977e+00
-2.717362063772639225e+00
-1.307000570886252211e+00
1.069559680675576496e+00
2.267973902982340029e+00
-2.577686352038044859e+00
-7.448395788154901886e+00
2.810470126899760501e+00
-3.792907882296764566e+00
-2.763431761802169540e+00
6.296616587703132595e+00
-8.968125652079232069e+00
5.300663744074568307e+00
-3.501709383349187910e+00
-4.920339151914529197e+00
3.197045841988491066e+00
5.314751875173108431e+00
9.696319292423332126e-01
3.830334842246783111e-01
-3.260740618663627632e+00
1.287516107606270221e-01
4.376279129021340530e+00
6.641339874026469303e+00
-3.010932151988722438e+00
1.734015495664091411e+00
-5.332948694806960432e+00
-5.314737174262454289e+00
-1.016370629644198498e-01
3.088152491138496991e+00
2.623157465062100346e-01
6.174694903914967892e-02
1.369372137674375489e+00
2.586891354980293656e+00
-2.938662769828526145e-02
-6.313762334219167549e+00
2.627812493238584235e+00
-3.940362698558558030e+00
-1.755341519829890284e+00
4.086244479638990512e+00
3.210319959051625371e+00
8.160391545670382385e+00
-2.760590934214251391e+00
3.948126917277878789e-01
-2.655134736337754653e+00
2.583819903040388555e-01
3.040503255583074882e+00
1.889951336061514553e+00
2.743198395529614864e+00
6.271384277880494906e+00
-1.074415608886493789e+00
-7.032905013501610236e-01
8.283554154612255971e-01
-4.554955769051810321e+00
-1.325317559896417974e+00
2.325366370129309246e+00
-1.190350385910063924e-01
-9.640071130981602288e-01
-3.046002079395660367e+00
7.442199220876469568e+00
-8.588186952098921800e-01
2.394290848187354381e+00
-6.795887141555144062e+00
5.245423010285422016e+00
1.624522994139749876e+00
2.305297011395220252e+00
-2.728139939675291004e+00
3.043513364068884286e+00
3.072909698317809024e+00
-1.438490247481355011e+00
5.441032197735814258e+00
7.720422110892806167e-01
-2.045036334752813545e+00
7.006304288703172567e+00
8.209853194805349919e-02
-6.196312907376369417e+00
-2.717081131011222173e+00
-2.741099971124819401e+00
-1.149687528480129117e+00
3.157505696948304852e+00
3.431230751998909589e+00
-3.376519820552213780e+00
-4.276112480366569102e+00
7.751201112965836471e-01
6.924347281228421025e+00
-2.006379282140362541e+00
-1.385567855012445060e-01
-2.055344887196103532e+00
1.989938234410218998e+00
3.603833171419555947e-01
-1.103765542426927482e+00
7.268002745686443333e+00
-1.123382822421571170e+00
1.294348772781925838e+00
4.377031474430730817e+00
-1.480838326785675063e-01
-5.413435799767739809e+00
5.136705793317667634e+00
-1.746908113310791988e+00
-6.124275533300876262e+00
2.550964674972167501e+00
-6.629992937262113806e+00
3.053918375360153536e+00
-5.493442645547095715e+00
4.954765723072946937e-01
1.274576013370136707e-01
-7.215866167432058553e+00
7.284364214029079854e-01
2.073970287126339240e+00
3.830403513779590874e+00
-3.275989988850311896e+00
-1.213126722000364088e+00
-5.682734216334100807e+00
2.913388988616117392e-01
2.392599727117525887e-01
4.505383498778131823e+00
-1.630584681377607925e+00
3.073057427789148144e-01
1.920586642188932380e+00
-3.274074918752363228e+00
-3.746313331652996848e+00
-3.042396751125277632e+00
4.704469384345068006e-01
-4.636598721267329637e+00
4.000877431378523141e+00
2.489207223608345565e+00
2.142461083015782641e+00
-2.303323413669136954e+00
2.254603500629332125e+00
2.008149513565454125e+00
-3.552354172498504603e+00
-5.592433376111367593e+00
-3.402388154394095920e+00
3.425679072604457698e+00
7.186986641270673992e-01
-2.505809673607732435e+00
-4.508949327448760869e+00
4.684131342366060657e+00
3.411707039704694466e+00
-4.206303847038851629e+00
1.243415990211291344e+00
-3.115603416077661780e+00
1.703510558054247115e+00
1.049623958013148783e+00
-3.874115728929850011e+00
4.586850393879416288e+00
-9.420639853872110336e-01
3.574556719626754475e+00
-3.596325421640276687e+00
4.023057857576316287e+00
2.139202511267736639e+00
-2.771505662736185815e+00
1.316762988590723382e-01
1.906490048472827326e+00
-4.031955633594510147e+00
9.005686150996941919e+00
2.065810234946658941e-01
3.673127629924585191e-01
5.911244957278423140e-01
-6.457391534123242405e-01
5.114557744573735576e+00
4.127685528141701532e+00
9.780200801395075860e-01
-7.319325870569427517e-01
-3.571124068794546691e-01
4.318932844875358334e+00
-5.161284140184434932e+00
1.877256078411623230e+00
-1.640175673657189748e+00
1.636657925389666701e+00
-3.182306937539330693e+00
-1.177409706466271633e+00
-4.600635536149228599e+00
3.037475536288670064e+00
8.247749064858933110e+00
1.556022760445779030e+00
-5.927416957540131426e-01
-5.628512192925431812e+00
3.520750765259808457e+00
-1.261413281814948606e+00
-1.432093685271621730e+00
-3.955937469563542308e+00
-4.201461753795623366e+00
3.820343865600623001e+00
-1.467248761188789663e+00
4.722165149864140377e-01
