4.778094723261577137e+00
-4.738729116901590821e+00
-1.955635643408031754e+00
2.586604092629897211e-01
1.914849915133513880e+00
6.576735619655634579e+00
3.437286545815198657e+00
1.066483819482522355e+00
6.712255739652979614e+00
-7.855660832755149592e+00
-3.457918256625572617e+00
4.400111675480371964e+00
7.260241164363526067e+00
2.894006998203077496e-02
-4.849770413059615315e-01
-4.397949795562410280e+00
-5.954411542966575155e+00
3.441508063551589558e+00
3.019629276207751456e+00
-3.113210820863264949e+00
1.611018119186766073e+00
2.035876619500062823e+00
6.850985813257994828e+00
3.841184591862183417e+00
5.280365988594571292e+00
3.784329873911229214e+00
-4.184690172835298760e+00
4.965157317437762785e+00
-3.549599741439435796e+00
-3.567255982342646625e+00
1.726209733463270224e+00
2.687352787042294189e-01
2.082399126430485303e+00
-2.415307423579776902e+00
3.683557961440517836e+00
-4.822870071508387646e+00
-1.921887744186385971e+00
5.995393448957475613e+00
-6.610454761937651469e+00
2.418762437406300592e+00
6.627345654108856898e+00
-5.125582151070918968e+00
5.901851854156011434e+00
2.672975014394300519e+00
4.536995007135411484e-01
3.922437076293155744e+00
4.238607429446381580e+00
5.862462324458149077e+00
-3.625860947746499807e+00
3.848021950375276834e+00
-4.027290571461557001e+00
-3.961716861859754246e+00
1.292845233147025930e+00
-1.749131423388102347e+00
2.041406354873040119e+00
-4.784706123376502696e+00
-5.655545489183404051e+00
-3.772808033921683624e+00
3.131851276403420314e+00
-2.772801468078120557e+00
5.897712576157390085e-01
6.879566979188100895e+00
-1.410618346688749636e+00
1.680512688255195508e+00
-7.327687582171027891e+00
1.907549427936739317e+00
-5.772785609288528796e+00
7.892622755040943350e-01
1.238438483001379486e+00
1.740708914627483006e+00
7.955175664356859411e-01
-5.951829133808386629e+00
-4.900159183717726741e+00
-1.164575614131873271e+00
7.511451291947959241e-01
-5.270754307104553504e+00
4.440359391746939721e-01
-2.723548717210054981e+00
-4.442309506056987267e+00
4.446394288559893049e+00
-1.411204939100652478e+00
1.809489287154581572e+00
-4.414886604289510963e+00
9.636622302229300718e-01
2.211855135816007956e-01
-1.354544078852927491e+00
-1.329199955044026993e+00
-2.635621136766808981e+00
1.555618107517158233e+00
-9.474598170803280039e-01
-4.509005361674394696e-01
4.634483973290461023e+00
1.429831442234493766e+00
7.617044476884335502e+00
2.961940639474644144e+00
-8.422059567434829752e-01
-2.461949561410454734e-01
1.858148994710276281e+00
4.209508356950081520e+00
2.338868658610421924e+00
-1.611514023132271989e+00
-3.397437512357340594e+00
-7.765684626931982137e+00
-2.545481104432694597e+00
1.719662884539348457e+00
4.867270223376793048e+00
2.528134937440384533e+00
2.319460690198422714e+00
4.494340330341911383e+00
-2.128451244830342315e+00
-3.333982225153294010e+00
6.220403845107116858e+00
2.064978600245362728e+00
-8.041947903087841354e+00
2.700413844445288536e+00
-4.449484132392124147e-01
-4.538950416275673305e+00
-5.512409856479351333e+00
1.314628098923299904e+00
-3.838228509820082124e+00
-8.644215296571406526e+00
1.567541947193864083e+00
-1.695899297735612876e+00
8.919228742760181294e-01
-4.595026685404827838e+00
1.615362101297247666e+00
4.641650366731726152e+00
-5.284312056540141356e-02
-3.276864459548737507e+00
4.258168238343502665e+00
-4.256918105584793999e+00
5.382309514024796293e+00
-1.272272681007322603e-01
-2.804698443740623937e+00
3.795453462728255900e+00
4.839823461239928015e+00
-2.375539701491766298e+00
-6.189560977042923184e+00
-3.744938046966518996e+00
4.581683911525877839e+00
-1.350703389523662423e+00
-4.803043926707213807e+00
3.362447489401058753e+00
-4.573579341545463528e+00
2.136029044779952812e+00
2.962999285399567473e+00
2.748563997628517885e+00
-7.632523500434150066e+00
-7.635429727881352768e+00
2.464844949470228919e+00
5.349470511091624081e-01
1.400700908575721881e-01
-2.233101613956554488e+00
-1.355493432112949037e+00
-1.248405771417830046e+00
-7.768771805781152118e+00
2.312433921508203927e+00
-5.165304705026847465e+00
2.270549899824553020e+00
-4.625191370161641835e+00
-3.400987097641178014e+00
5.055960283109190989e+00
7.145347400833261808e-01
-1.478440572018130172e+00
-5.742784851219846054e+00
-2.870231454542477856e+00
-5.237123263786792826e+00
-5.181752119150331737e+00
5.398043946060672837e+00
4.796908042795780425e+00
3.236356368905599634e-01
-9.207469122567212949e+00
4.953726138305622584e+00
-2.968575330520734301e+00
-2.489062417092175128e+00
4.927424819992330951e-01
2.134648322577664015e+00
6.800695603113243948e+00
5.772343295223859805e+00
-2.239348972110380309e+00
1.493288074714461677e-01
-6.455903496789128226e-01
2.229184479369876737e-01
-4.631579024045130666e+00
5.950893964942804537e+00
2.239586237693360182e+00
6.896905928146756182e+00
-2.000156941882580419e+00
-7.520688291449658003e+00
-7.351015569451272214e+00
4.492995489602190418e+00
3.905070235953206570e+00
6.081209959011793842e+00
-3.085122413520338114e+00
-7.050768271859727321e+00
-2.049190893864270280e-01
8.945650779917373452e-01
1.168217361965799173e+00
1.864508282813188700e+00
-3.627183426530800947e+00
-3.716240302501271908e-01
-4.448192487540618245e+00
4.416517973977543754e+00
-5.415625201545630318e+00
3.243477619716522931e+00
5.411668975219274813e+00
-2.544312784984293252e+00
2.742124324195661877e+00
1.251911370728344464e+00
5.523941780886551634e+00
-4.105996117704580506e+00
1.733282023906297098e-01
2.800500746623051818e+00
-5.569178057865689091e-01
8.643853987955419926e-01
-6.479905931418507015e-01
-3.641379635959120176e+00
6.585429305070913841e+00
1.043856544848529300e+00
-8.883935194189773732e-02
-4.707408263350956190e+00
4.670758865740912924e+00
6.770623621821594718e+00
-2.424084128274128780e+00
7.602322390582139100e+00
-4.929725152610762717e-01
-3.826010222266598593e+00
3.393859964233750581e+00
2.805088301636441628e+00
-2.060969030819238323e+00
1.215020109206054633e+00
1.625311099792549063e+00
4.350722300855435876e+00
4.922434406579791144e+00
1.213287828881415731e+00
3.003336868011801997e+00
-1.706936299717703998e+00
3.551977912828479411e+00
1.998569123674790005e+00
-2.881142326049182856e+00
-3.559950350490179716e+00
-1.040215905386467909e+00
-3.937791092788508696e+00
-2.747119537900820418e+00
-7.009790835308900903e+00
-2.655617903455077533e-01
1.834959731334107502e+00
-3.681332514150640112e+00
6.942655433293200673e+00
-2.950843635780439733e+00
-3.424615193492059340e-01
4.712089831947217533e+00
-3.837465066198384456e-01
-5.890957196222273318e+00
7.193766152445925322e+00
-1.231651076560569269e+00
-3.018207316288428199e+00
4.218689232020394364e+00
-5.715885345719282640e+00
6.191295993516748197e+00
5.992701374061625286e-01
-1.470481753559200522e+00
-4.338881023343033050e+00
2.059996683308435106e+00
-2.609511247239072684e+00
