3.227861062930717395e+00
2.315270352084356276e+00
-6.606859610380876546e+00
6.352047380995569092e+00
-3.832809219645427756e-02
1.169171225564199368e+01
1.375378951549720785e+00
-1.401384188264894304e+00
-3.937473414610936473e+00
-7.340479229420643570e+00
1.043767139707197922e+00
6.604642709952932123e+00
3.473086171937686650e+00
-1.629047100672509796e+00
2.479104106785338324e+00
-3.275964567666386884e+00
3.253053768228339582e+00
5.282870123850999633e+00
-3.894067219091712939e+00
-1.734127173379507614e+00
-2.130207373539575677e+00
5.481645169236841753e+00
-5.366203224928383975e+00
5.156838319422592853e+00
-1.397877184522592575e+00
-5.193966846646064006e+00
-5.613951688032539522e+00
-1.706344832792300037e-01
-1.743849081171229276e+00
1.489865304211875685e+00
-1.561371335906521551e+00
5.525403044534649588e+00
6.100905760713282611e+00
4.346493145393081292e+00
-6.955843082376468089e+00
-7.855029932738156084e+00
-1.561996318161805730e+00
-1.717318979444648619e+00
-2.749932316787636832e+00
5.452180836404648012e+00
-9.211034098205811205e+00
-3.824291458069396521e-01
-1.593637924602000044e+00
-8.803214566450947576e-01
-5.658988179533784857e-01
2.434049749811263652e+00
-4.653839589661898479e+00
-5.296163884224371898e+00
6.628337073082937181e+00
1.627709388332457818e-01
-1.636024711472397364e+00
-3.203467089831995906e+00
2.526354537911455367e+00
-1.548145482635584269e+00
-3.598920768506838286e+00
-2.658185961778900541e+00
1.515310715059341673e+00
2.597257402836129492e-01
-2.067133661623318019e+00
4.280245619418799663e+00
3.570224224591862061e+00
6.468036073211426817e+00
2.055990924302443901e+00
-9.779683164778992577e+00
6.612818549856873673e-01
6.810988556105159741e-01
4.221871197343239901e-01
1.531285249862039066e+00
-1.842561732079396775e+00
7.812629347261808022e-01
6.471088064188330158e+00
-3.959248008035037625e+00
-1.161151728716557585e+00
-1.119013191655799933e+00
-3.636564466392966377e-01
-1.801032884034707848e-01
-7.557908281320976585e+00
4.131435609136240750e+00
7.536386079628577761e+00
-2.380784890240714713e+00
2.904731032899270371e-01
-2.409761859384039751e-01
4.302690317059754577e+00
9.222311541686060155e-01
-2.787639502547894388e+00
-6.412473954180473612e+00
-6.825015826957582021e+00
7.070433250874570419e+00
-5.804632080106959080e+00
3.119726034268193171e+00
-2.940542974402018395e-01
-7.913402131959720975e+00
6.184828604000567331e+00
-1.789696971660122093e+00
5.172824250388803335e-01
-1.103913594271672238e+01
6.379509695074221387e-01
5.610682528933623736e+00
-3.410728960306779189e+00
1.561622901874013980e+00
-3.365632352866310129e+00
1.791051607148216096e+00
-4.723865440594936516e+00
5.422819200820024221e+00
4.545844534524756675e+00
1.808565027029027217e+00
-1.407867298330423012e+00
2.461776735280722050e+00
-4.932008018527408444e-01
7.928627720932728273e+00
2.172361978691914164e+00
2.167730732116731840e+00
-6.940732136921015538e+00
-9.920987244449253062e-01
-3.123502862576304828e+00
5.959028115057156683e+00
-1.430362522223039612e+00
4.837639599644518285e+00
9.178165001905687959e+00
4.132589005443242591e+00
-1.641694035730042689e+00
4.236140597215661607e+00
3.819383150551117101e+00
-6.215243574944362415e+00
-6.216214351237947966e+00
-5.605058851888653493e+00
4.421387609688519404e+00
4.201675264246802932e+00
1.121695821941905757e+00
-4.749924199392657087e+00
-2.675400256471372806e+00
8.158845246699231168e+00
-5.232975638301534893e+00
9.416338125529755132e+00
2.482962633190921142e+00
1.408830533840598864e+00
2.526190255335551527e+00
4.433892187933813567e+00
-8.876288827658484593e+00
6.469724051693399147e+00
-1.484452482185276700e+00
-4.241069427011783244e-01
6.999270262062381454e-01
-1.379779667923457076e+00
-5.201216422185745536e+00
-6.766896956497613580e+00
2.139663142713676081e+00
-1.167757177800305746e+00
2.980049223036128403e+00
1.579314828211433319e+00
-5.330481099222866170e+00
6.038827213075473210e+00
2.454952436935669446e+00
6.267945957137284196e+00
5.564300501238863994e+00
-3.223170137509384858e+00
1.723214508012918866e+00
3.708357143454722671e+00
-1.505167598594048251e-01
-6.401829221331920117e+00
3.547033175875495825e+00
-4.369633376757687593e+00
6.050409072677957134e+00
-7.080722817342964603e+00
-3.886597076303250908e-01
1.706778593928523602e+00
4.882208200211892724e+00
2.502650704036143647e+00
-6.927147415658447827e-01
-2.149948165876727213e+00
-4.352883257454972288e+00
-1.999640927684199543e+00
-3.099651940507672787e+00
-7.921918100214430325e+00
-3.173768317662754690e+00
5.417262689063557346e+00
-1.970238915755896381e+00
-2.540718653335022115e+00
-5.018999010307945152e-01
3.677657357470887955e+00
-3.470112102356462280e+00
-8.822044977669187826e-01
-1.224743816877994274e+00
-1.342360923839070352e+00
5.462421545598154182e+00
-2.000488811021316593e+00
-6.220756737366082145e-01
4.078743602297659976e+00
3.937421557113007342e+00
-3.616600982297285327e+00
2.282617174848605934e+00
-1.175311801173306847e+01
3.623669717798887469e-01
3.044005219492773584e+00
3.536506565604530028e+00
2.587199049466917700e+00
9.095639089305329605e-01
1.031544188403919549e+01
-1.229087827623653695e+01
-6.800365589846776082e+00
6.278517867709153322e+00
-9.747779852790401378e+00
4.928943860134789468e+00
4.523293710481619989e+00
-2.336325946604876691e+00
6.008117348650855227e+00
2.962662391035329357e+00
-8.374901136402860269e-01
-1.357076298812716741e+00
7.402961438988984177e+00
4.366705971241960249e+00
2.095712769970694556e+00
-5.432943851097279619e+00
5.101711903276359150e-01
1.194593203893917988e+00
-2.285784104507091019e+00
-1.580985259008878430e+00
8.050364874471814147e+00
-5.961184675821366019e-01
-3.383288632694154252e+00
-5.552286692403654023e+00
-5.772820801596230122e-01
3.108257134714214942e+00
4.642892251832357431e+00
-3.720406069274724281e+00
-1.532634193742971496e+00
2.250820783159373839e+00
3.384341949643357328e+00
6.723566953492296605e+00
5.864008986567109893e+00
-4.894871810338897511e+00
-8.186102800811960734e-01
5.194576278442761819e+00
-1.668364195889644241e+00
4.863948373200035036e+00
-9.779359147816311104e-01
-6.026212853876878661e+00
-4.307629497938822993e+00
-3.011587740524643841e+00
5.737562362973753771e+00
-2.859755271681937661e+00
-9.448254517729224311e-01
2.008518524141438277e+00
1.813380130289127257e-01
4.965820226216276723e+00
-2.571705788299882389e+00
4.479961260844883775e+00
5.712065545429968694e+00
-3.883829681409886714e+00
9.576600893647206902e-01
-2.050378458195551534e+00
-7.033202728130312220e-01
-3.285405705113089159e+00
4.962725228766357688e+00
6.806274843591989310e+00
-2.477755578213864496e+00
-5.627839053713944439e-01
2.453332618455350111e+00
-6.499233094248991760e-01
-1.152856519765384391e+00
-4.164489265835599419e+00
-6.011747351749019863e+00
7.181968148883463243e+00
1.260868101875479153e-01
4.177113722615354519e+00
