3.388430322322235622e+00
-9.718893733901965426e-01
-1.822144370861985774e+00
6.608323718667810098e-01
7.134923115656084391e-01
2.129241813079046253e+00
1.678012530346156606e+00
3.893482730514019607e+00
-1.115772730190781825e+00
-2.113222830565617549e+00
-2.773940644235307840e+00
1.923192756881988430e+00
4.899092840637626622e-01
1.462397467050472244e+00
-6.960773291764956738e-01
1.940696124792200550e-01
2.913510037866640090e-01
1.126461922359993872e+00
4.137857617372738162e+00
1.786958301439857788e+00
2.036408257854204429e+00
6.476478075906988430e-01
2.854416891792494582e+00
-2.821916757382335383e+00
-1.689266338584554994e+00
1.567516940112734236e-01
2.470847849858725187e+00
-4.038392087851907064e+00
5.725616360290404216e-01
-4.629616290329238382e+00
1.016921003522693656e+00
-1.340353600143487700e+00
1.881258906687712118e+00
5.672022511449243964e-01
-4.403042986901660960e+00
1.726562140647033061e+00
-1.850644441003046481e+00
3.893427967292635739e+00
1.256489317969319508e+00
1.443404154654154059e+00
4.915177497633788306e+00
1.912553234267429847e+00
-3.182270096196940790e-01
3.393671171888438920e+00
1.229090945522269607e+00
7.540411950070358138e-01
5.418129501499291401e-01
3.196963798101774668e+00
2.558085524757975016e+00
1.757055433584980397e+00
-3.472167822475708654e+00
-2.103298362878597061e+00
-3.179874969078857916e+00
-1.580117472165311066e+00
1.290633815411238450e+00
-1.510265715671244013e+00
-1.434464530816644601e+00
1.426042415817574405e-01
4.356617841364567312e-01
-1.431898182501309957e-01
4.253518657203025910e-02
4.290898022511043242e-01
-1.148388048260160499e+00
-5.541344220327895087e-01
-1.444963903124450333e+00
-1.368280279514068498e+00
1.035061802751055637e+00
-2.346769522112154283e-01
3.478011209533753423e-01
-4.643215005665455308e+00
1.571714855096348007e+00
7.583473860764780028e-01
-1.261788138857436126e+00
9.928686878895653933e-02
1.722566387739663973e+00
3.312668673196314195e+00
-7.397750211885634197e-01
-1.267236544744448912e-01
-7.115325425785341551e-01
-2.263173900231473468e+00
-2.262796965431703722e+00
1.130390674448626953e+00
-6.059494788532164833e-01
-1.859186384710835860e+00
2.725133190408854045e+00
1.563804126006450579e-01
3.271330149249432662e+00
-2.744871548888412338e+00
4.272068020843980740e+00
-1.073696237770825679e+00
3.481997789334102755e+00
3.162474106509205019e+00
8.937484243084261593e-01
3.022843707014248871e-01
-7.214879437719504685e-01
1.709297995111872526e-01
-1.091290712468824031e+00
-8.204040040434177339e-01
2.048777403817209297e+00
-1.491879768395462325e+00
7.120118653726923430e-01
1.461423770359509211e+00
-3.232626570356260665e-01
-2.863700720031869373e+00
1.019880789874343385e-01
-5.793116693217363888e-01
1.979958485869426354e-02
6.569991802355614752e-01
2.132143203362901307e+00
3.921952127446104441e-01
-4.538303143809222506e-01
-2.295713942761752779e+00
-2.487631320911938282e-01
-5.739092038235289905e+00
3.014573115909960244e+00
-9.692172701917991517e-01
-1.376413782535373720e+00
-6.546273983977091149e-02
1.456759717792912801e+00
-3.865349392912909909e+00
-8.406683372275045585e-01
1.440871829348564725e+00
5.466844943811697277e-01
-2.929066768131504350e+00
1.259503193159710932e+00
1.027185876879822324e+00
-2.875080814726432177e+00
-1.013383303056870410e+00
1.640850449900252972e+00
-1.408083047920668740e+00
-7.307837042630753732e-01
-1.099189049680093788e-01
-5.185872743035545795e+00
-1.310286784745641420e+00
2.841295261425930363e+00
1.380154642540403209e+00
-2.994405881026134253e+00
-3.681850630489903686e+00
7.694860661147959746e-01
-1.910498154779896041e-01
7.304216706815671589e-01
4.388198523313823429e+00
-1.482643055743999128e+00
-1.577543263438952348e+00
1.642741419008216575e+00
-3.857648462865533645e+00
-1.991651397641646337e+00
-1.034515979212334624e+00
-2.369630736231616019e+00
-4.381806263132519419e-01
1.282575327870678406e+00
-2.828076972208246609e+00
-1.104216623960622590e+00
1.614599797391579550e+00
1.444728714733380937e-01
2.440225955940458213e-01
-2.109255855978367400e+00
-1.440542091596185514e+00
-1.747020237093767747e+00
2.630192625193668921e+00
-1.084975478605055388e+00
-4.226999868542100636e-01
2.358521348755191482e-01
2.661687864216991883e+00
2.849632989544306660e+00
-3.219697229099202640e-01
2.480324321105005225e+00
-4.798735510439369634e+00
-8.001584342481993239e-02
-1.103370524211443104e+00
-7.944085713846771313e-02
1.458124338148065746e-01
-1.756950791027735770e+00
-2.457328275402245743e-01
-1.060155872389187515e+00
2.117136403759213970e+00
-2.674900365943186031e+00
-1.796380535355092345e+00
5.185832944356371321e+00
1.867215761959103659e+00
-4.688662546625785410e+00
3.774397270681379979e-01
-1.380342409940332971e+00
-4.900557508182489030e+00
-5.273568011112983456e-01
1.027569611421535134e+00
-2.021498165567019001e+00
-1.656550798068427088e+00
-2.568148700475486379e+00
-4.956627971655965803e-01
-2.334715269721449715e+00
1.213966510249742115e-02
-1.707438359225554869e+00
7.054068440717098376e-01
-2.431498855574157680e+00
-9.907560562358952438e-01
3.743869576596798865e-01
-2.536926282616960293e-01
-2.588161628231541167e-01
-3.899336500575826037e+00
3.732765791570477276e+00
-6.227642321403550341e-01
-1.830307512952627169e+00
9.116225169796858818e-01
-3.270442807723554779e-01
-1.393917142764844463e+00
9.997765905863404967e-01
5.603787322187991915e-01
-6.914215481793869467e-01
6.383369621132455318e-01
-4.707004022031138213e-01
-1.366434901708857730e+00
-2.840438495189003265e-01
7.772404597274258364e-01
1.180069814326679456e+00
-5.302776846661707566e-01
2.547494076678869845e+00
1.318263071245035500e-01
-9.586144180522544467e-01
-1.086562055633891966e+00
3.377341771486896960e-01
1.362999021431761548e+00
2.780542812344002357e+00
7.864150941464345124e-01
7.289543953537913623e-02
-3.633901961571536221e-01
3.662402627620983342e+00
-3.019743306062087740e+00
-6.103210192280164037e-01
1.113297936678015354e+00
-1.635784436795810759e-01
1.604742682830977429e+00
-7.446023270612269762e-01
-1.425592661661760241e+00
-3.526304047066575187e-01
1.280908077152087543e-01
-1.432952269547672852e+00
4.131839839688030480e+00
5.262628447211401550e+00
-2.294721258607589576e+00
-4.377112808272283218e-01
-2.628335751714377722e+00
2.075699662115627842e+00
9.504766866997340635e-01
3.699244625750616855e+00
-2.014327064267998679e+00
4.804960916228632861e+00
-2.373045141159807692e+00
-3.168748236217346914e-01
-1.075023651704189120e+00
3.435773706138288475e+00
-1.458389362684719970e-02
5.637451884397970403e-02
1.358924239987604032e+00
-6.616722452903704976e-01
-7.561798028782784620e-02
1.560223498685189725e+00
1.849716947226023311e-01
3.116556692619689706e-01
1.490507256266650149e+00
-6.632712135480329785e-01
-1.562211267399521430e+00
4.078411637406360035e-01
-3.082514078227748922e+00
4.853824781899418461e+00
