-2.743265787951729706e-01
2.117324028443148265e+00
-1.515080296168241469e+00
-9.452850326359008015e-03
7.694362497233941944e-01
3.761618326814137880e-01
1.527600883714368862e+00
-4.275762734126917763e+00
4.608045404257325117e+00
2.926219752697663434e+00
3.118338984027154925e+00
-4.304313569261985495e-01
3.849122365623080633e+00
-1.946734420988995851e-01
8.127697180125519338e+00
5.768188976579982530e+00
-3.110125113524578211e+00
-5.216107765706263777e-01
-4.273890440685960357e+00
1.739039187391331787e+00
-1.702957295984472541e+00
-8.903673996393594692e+00
1.493397115279201381e-01
7.752323568892719230e+00
-4.386022402412930177e+00
2.342180912642220836e+00
-5.392921896920972458e+00
-1.069739787733266390e+00
-8.089886848394959529e+00
-3.906739742409948146e-02
-5.735263081104534422e+00
1.880208369139106939e+00
1.300704302092413167e+00
-3.286194809782489124e+00
-5.310500273417284589e+00
3.704997631400599456e+00
-7.847496495615424728e-01
5.695568392390613077e+00
-1.369154786744180230e+00
-4.763904423391038256e-01
-1.865588370842211852e+00
-1.546462127005963083e-01
6.543590748117654066e+00
-1.116132248317590614e-01
3.219376458475704084e+00
3.254157213945748417e+00
-4.431263401929857793e+00
1.445090093543989651e+00
-1.350788022847193792e+00
-9.734908855997126409e-01
2.035199677689176312e+00
-2.674980886798858926e-01
-2.030106258327331936e+00
2.909446148011344491e+00
-4.168070671932375681e+00
5.912218995866802551e+00
-4.247116301709581432e-01
2.147674301515216211e+00
-4.975660333991434925e+00
-4.927023106430055144e+00
1.818278546687291053e+00
-2.945968120007975255e+00
8.912234805044978447e-01
1.331855420665503775e+00
6.800585843740311276e+00
-2.741304484385967966e-01
1.581108453407120251e+00
2.125394074564567859e+00
2.660299680181175130e+00
-1.217198283222424182e+00
-1.638666516235842696e-01
-6.140950670669411693e-01
3.758322795866242849e+00
-7.285028803863756508e+00
-1.054343274038803902e+00
5.615655930951708896e+00
-3.485952775665334347e+00
5.946967042456366315e+00
-1.149506508800913318e+00
-1.414235637065804463e+00
-6.049282202993129687e+00
2.165100951835322807e+00
-2.232212311840775509e+00
-2.114884079490324087e+00
2.889440316436420186e+00
9.561009573304626308e-01
-8.265097174280496617e+00
4.785851723018019754e-02
4.713177505784928556e+00
1.640534837188755146e-01
-1.574854969043421704e+00
-8.423587415954174595e-01
4.015019264851060754e+00
-1.879772060604891548e+00
3.761729309704989532e+00
3.374976529863129571e+00
-6.924021872501902486e+00
-4.208862649278896306e+00
4.124711379190201477e+00
2.104489058661433099e+00
-4.244152781865525803e+00
5.746924399803113870e-01
1.022611774779444538e+00
7.275247010679147586e+00
1.751282423639602293e+00
1.258649910610042166e+00
4.466078941135585012e+00
-1.934095125254677416e+00
4.432683643767103554e+00
1.918274143833756273e+00
-3.760209896742138458e+00
6.353471427283923667e+00
-1.686566221115423758e+00
-7.365741211709320169e+00
-2.230958500559967916e+00
4.255478804138962623e+00
-1.008054643012305718e+01
1.305514821710179296e+00
6.927652987106069027e+00
-3.892237662736388160e+00
2.031268320806949745e+00
1.649014779516275286e+00
-1.678973056506302353e+00
1.576783639249820013e+00
-3.238313837290673902e-01
9.263263361426584686e-01
7.174755939492407641e-01
5.435314248735404696e+00
-6.602601147678544002e+00
6.751279138527073176e-01
-5.559421137704710247e+00
2.434983467274844049e+00
5.858850074753659598e+00
-3.987889823002703338e+00
-4.403134721503878524e-01
-3.599044564731483042e+00
2.762686484917446172e+00
-8.415825331178286017e-01
2.569780789288633294e+00
5.751114264803966591e+00
-3.522318261869923361e+00
-5.933234460220242923e+00
2.460911708559653022e+00
1.679232245926383094e-01
5.727413224401121994e+00
1.229500438499468107e+00
3.888747934796844774e+00
7.435329167258808880e+00
-4.751397634633545586e+00
-3.311243792646811457e+00
2.799435928517459704e-01
-1.794677727309588633e+00
3.421569582520734620e+00
-2.802485474757942630e+00
3.105557785240229407e+00
-6.407960373837835455e-01
4.440849704620061233e-01
-7.692482809237497499e-01
-2.928599702726139231e+00
-1.523135011568341746e+00
-5.562714626023002040e+00
4.995654659672068121e+00
1.616892950975921117e+00
-3.010636358725980455e-01
4.488783482534193681e+00
-4.199230805068387973e+00
3.331909396740785123e+00
4.941588866334389429e+00
-9.688084160694221403e-02
7.269817387788389595e+00
2.446740847743833047e+00
2.644968407172764380e+00
-1.353508705992539696e+00
2.003339860507580283e+00
-1.970936866472106308e+00
-6.054886782038954030e-02
5.106733149069477840e+00
-4.153558947400938450e+00
-1.297913714027695509e+00
3.413333590053907685e+00
4.867673655531057353e-01
4.262466333621912185e+00
4.836185233331907085e+00
5.736261155782756305e+00
3.137192904213243594e+00
-6.756258950781233175e-01
2.801518151697097725e+00
8.907626111923550027e+00
-1.386146224456688225e+00
4.566544252118491798e+00
-2.536251049110773259e+00
1.560340013767948619e+00
-7.461766075634769235e-01
3.172710387049280101e-01
4.687395884565756177e+00
-2.240896507600589338e-01
-1.234042388572945681e-01
-5.046119547756832802e+00
4.014405318738703876e+00
6.851378891155328610e+00
-2.216678064744066035e+00
-2.192102259755834837e-02
-3.961525029893054217e+00
4.465077385405324506e+00
3.019017291455194485e+00
-4.234726931360018654e+00
4.684807851804246859e+00
-1.495064438955014730e+00
-3.392864264447802647e+00
1.093927966014256015e+00
-5.356380100405364608e-01
-8.989427709539029365e+00
1.835129526781894782e+00
1.992288191022621779e+00
1.066985903461934893e+00
3.878321854598524965e+00
-5.081273405167082480e+00
-1.424542297082357356e+00
-1.185366505801624726e+00
3.981601572857108806e+00
5.265360468352371370e+00
-4.020482917074344797e+00
6.836056213956970495e+00
1.959698996581932473e+00
-5.571884277359329118e-03
3.467443971171159767e+00
4.249991310989584825e+00
1.844247836241232452e+00
-3.840763118863739223e+00
5.310143381664659046e+00
-3.259054081845643491e+00
6.459191156690093472e+00
1.141083505900065020e+00
-1.286990675180882171e+00
-3.080135824403477329e+00
-5.278281874763365522e+00
-4.912456976949211906e+00
-2.519109323414071788e+00
-1.586359216929178473e-02
1.907031182427088467e+00
-1.689752699335475672e+00
5.868805560016009393e-01
-8.696723927666186071e+00
5.071169681541666030e+00
-2.169163267291799535e+00
5.225362599402344488e-01
6.392727387345908951e-02
4.551508204463368124e-01
1.767923275839514030e+00
-4.662124489476902056e+00
-2.738021535404758566e+00
3.202701918780031409e+00
-8.187507044891610963e-01
7.404471088189404249e+00
1.440514901066796583e+00
-1.647160661584791352e+00
-2.957821246151239425e+00
-2.938720917850206504e+00
-7.343645939050937876e-01
3.200078041701305942e+00
1.768791783211397295e+00
6.426616053996187183e+00
2.640393643386686584e+00
3.024090047712563845e+00
-1.145050872157520772e+00
