-2.557394557108900290e+00
-2.438881837760403570e+00
4.597542282931934565e-01
-1.747342216346059018e+00
-3.929111867188320062e+00
2.650274568463600211e+00
1.969960832166603115e+00
-2.830561341395744002e+00
-1.898338270803807237e+00
5.696386606210159798e+00
8.478348896847560656e-01
2.052360173025450152e+00
-4.695751586552707302e+00
-8.769816208852843076e-02
1.572810910706399445e+00
7.352000257394393223e-01
5.329819186317047652e+00
4.119824021737076292e-01
-2.525603031176249402e+00
-3.060512877948824872e+00
1.360716624795548224e+00
2.000441072846460777e+00
9.365933063419986659e-01
-2.591163900858843849e-01
2.340530316850430559e+00
-1.597792612894155972e+00
-2.128573273683596945e+00
4.773587091318511888e-01
3.343205550826316319e+00
-5.182202831749298078e+00
-3.061957978773302891e+00
1.434341870291011123e+00
-4.481022836255430519e+00
-1.506067949041625775e+00
2.560892963417921164e-01
-6.725863191253473872e-01
-4.908743352814202154e-01
-3.317894942089142374e-01
-6.495000742439271946e-02
5.503813783003321802e+00
1.069036279160568981e+00
3.999603685069647252e+00
1.981646293696158745e+00
-1.109927008590684050e+00
-1.392868256144880856e+00
-2.088862452024407013e-01
-8.618575563095747238e-01
3.484394260715455438e-01
-4.561761413063550874e-01
-1.116601936911862936e+00
-2.057511878159428154e+00
2.287944085973016239e+00
3.683047547512662945e+00
-1.021859120500998586e-01
2.763232155420675351e+00
-1.936640437604382203e+00
1.388297817560544933e+00
-3.030360790943752658e+00
1.908522155860143288e+00
2.638511160072341433e+00
-3.082557573106053272e+00
-9.057148083119370696e-02
3.274749905201717937e+00
1.141652437461770475e+00
-1.547806881340786589e+00
-1.320404959671761969e+00
-3.422927085907784495e+00
-5.890282232158385867e+00
-3.009700594921403738e+00
8.551294943846238228e-01
-1.301820639087624354e+00
4.122582836974085119e+00
5.230665985871847390e-01
-2.524050781356476758e+00
-3.193013803408835116e-01
4.452903222995874266e-01
-1.749554638746243507e+00
-8.012474053336579027e-01
-3.805451578455644857e+00
-9.737090699828598872e-01
-2.605154550312485995e+00
-2.371710253424691217e+00
3.129082930847553179e+00
4.061413221746976276e+00
6.559637025425999468e+00
-2.362316965526580326e+00
5.560793957699375234e+00
1.614819207477204088e+00
-2.427927839762192619e+00
1.931227968220530222e+00
1.235665579055015062e+00
5.939505699439602271e-01
-1.479813257554916106e-01
1.749488151897626853e+00
-7.858867814487559000e-01
3.599217983188046865e+00
-1.098308565531441960e+00
2.599889345203995283e+00
1.456546421148157577e+00
2.559616531968644360e+00
3.687286714631264228e+00
-2.096157053828718642e+00
3.002746117561623240e+00
-1.253969058469664555e+00
-3.213607312421320028e+00
-3.415883889830926279e+00
5.447867342638155197e-01
-2.758800354625358331e+00
-1.821331434969599039e+00
-4.328077347564850186e+00
1.650703149235508205e+00
-1.547315903597126008e+00
3.791191905522417471e-01
1.943821263173439728e+00
8.159291678406769277e-01
-6.686105099691084241e-01
-6.653717833203063314e-01
2.075378082116603462e+00
-2.987960316078523970e+00
9.862578598248064043e-01
-5.786433743110966921e-01
-5.782673034384704369e-01
5.045746499040127730e+00
1.667622278132402824e+00
-1.782404287360363604e+00
-1.350717477356558671e+00
-1.470877180820108876e+00
2.831877144801280721e+00
-2.820148403542011017e-01
-2.319773011709390875e+00
1.443676017046926940e+00
1.711879178922401046e+00
8.301551624871609247e-01
3.783727494262246971e+00
-3.170282659653262058e+00
1.631091844064957996e-03
2.783398280415386172e-01
1.459028497104148947e+00
-4.284605603480480696e+00
4.616905432434889711e+00
2.552484309509357008e+00
-1.402234557816755434e+00
5.244587693181485655e+00
-2.899116255148149079e+00
-6.484919135868199014e-01
2.590811341883891394e+00
4.947927870964867747e-01
-1.228484893556256896e+00
-1.066760971186687446e+00
1.505121162593949347e+00
-5.714194892747750387e+00
1.261295557432253522e+00
4.073997425007092943e+00
-8.833692338950203116e-01
-2.332754784500117751e+00
5.657311863474387081e+00
-7.536233900849231837e-03
3.826322517833172121e+00
3.188670592485784994e+00
2.568334177563768250e+00
6.158299212489000141e-01
-1.279865514590917908e+00
3.040016711282426343e+00
-2.328174435998280778e+00
4.820758751884170579e+00
-4.183896032652645758e+00
7.144522541385674330e+00
4.472546594801418252e+00
-1.756857788871677872e+00
1.139825782372081431e+00
1.567315098965891718e+00
7.418417957083191183e+00
-3.862535065758933683e+00
-3.041916491863842609e+00
-2.509322859131557060e+00
-6.000343371840761719e-01
-6.911352576240144430e+00
-8.143946340341385870e-01
-5.431204720798959995e-02
-3.294462917082153552e+00
3.020027299693984091e+00
-5.372591169548774914e+00
-3.384502159445024749e-01
5.692237028653434727e+00
1.714659494786072935e+00
8.292537020723327323e-01
3.403780754982188572e+00
3.098332896510466394e+00
2.659805807219699059e+00
-2.689964327298684843e+00
-2.102072727219256976e+00
5.020062039613727656e+00
9.703140573282631465e-01
-2.931582228945773583e+00
4.501133377387601442e+00
2.418340529147062767e-01
1.791608969336267343e+00
1.224200391616721451e+00
-1.299306738456070809e+00
1.310789621483949396e+00
-6.879179389332547245e+00
-5.545685161936991570e+00
1.885846599356006958e+00
-3.605223991992096089e+00
-2.744515138750527772e+00
-2.343706363148879035e+00
-4.406057077038735947e+00
-3.172514841040723343e-01
1.492301350877124122e+00
-2.723419603903017627e+00
4.104489881527553230e-01
-2.034052697950721189e-01
-1.459023384031672643e+00
3.198438421886014904e+00
1.719488169041749170e+00
-3.092355770837753148e+00
-3.873034437069498459e+00
5.664061400619512021e+00
4.981299832124623350e+00
4.023739545644316351e+00
6.106406920730153010e-01
4.351111252111965477e-01
8.664413926092039420e-01
2.839347003045069151e+00
3.522171874525091617e+00
8.190772791525424701e-01
1.103953109980001290e+00
5.904490884266919704e-01
-3.393551983541978068e+00
-2.214596428805319484e+00
-1.573450641340867540e+00
-2.937588555340309604e+00
2.250960172865962505e+00
4.088064303042293623e-01
-4.437750264976581427e+00
-1.834629117606802140e+00
2.913993936951321473e+00
4.041171162545173168e+00
-2.188451697695279474e+00
-2.743878475741289069e+00
2.910726907187282109e+00
5.399368174311795165e+00
-3.135477970611005638e+00
-1.242450328979924912e-01
-5.034690987585437316e-01
7.848220021199638907e-01
-2.171780396077335418e+00
-2.897730079369538636e+00
2.571876098122930721e+00
1.195600268401851629e+00
-1.402382572737649102e+00
6.322547894207932728e+00
-6.666506789653103837e-01
5.662333685663303307e-01
6.798851875876332773e-01
8.246620691296797645e-01
1.955115948266429093e+00
-1.398976352102272669e+00
5.210618643902220626e+00
3.201370401686886025e-01
-2.707274852318028557e+00
3.888687481280682867e+00
1.262077926285824603e+00
4.770568967737087718e+00
-4.462154543640317605e-01
