-5.758533126642171318e+00
-1.685260830438230162e+00
3.814358023779484963e-01
1.239874427978799876e+00
2.783040120507877635e+00
-3.820086733830747150e+00
-8.078769048323939383e-01
3.305000966750903935e-03
1.477295601873640285e+00
2.725588790967731434e+00
-1.772953456580182774e+00
1.936717627867815317e+00
5.656370614602518998e+00
2.900654079281439479e-02
1.439870832526534805e+00
2.248044504830759571e+00
3.669259316948228822e+00
8.100312415969830315e-01
2.881757500087139823e-01
2.514243903816566483e+00
-1.578790106487846234e+00
2.516753288616106143e+00
-6.804131904308444723e-01
8.625446097408895341e-03
-1.880413771399021883e+00
-1.836709016642714687e+00
2.923252170910792813e-01
1.658525472739347806e-01
-1.924135611682182390e+00
1.205355713968427445e+00
-4.253442905984012867e+00
1.213902339887559467e+00
-1.478287092056092433e+00
-2.678551558134412147e-01
2.489728285384515072e+00
1.347597744760630212e+00
-8.101523554705671870e-01
-4.141598724361270634e-01
-7.881398674158623940e-01
-3.177445337763953326e+00
-3.263941183517839573e+00
3.172694292438180241e+00
-1.809661957396341281e-01
-2.006036014619428709e+00
-3.342567326588120835e+00
-1.885151369510715824e-01
8.247371131594836147e-01
-2.030288572074179676e+00
1.695076038769222748e+00
1.527046647666254309e+00
4.180986971322333545e-01
2.396782755685084254e+00
6.937047893410561716e-01
-1.169551037928160619e+00
1.026801186624864082e+00
1.974693686855376384e+00
2.513067103269309932e+00
-1.461472152753558573e+00
-2.492971146390939197e+00
2.067554556133130106e+00
3.386574525299834715e-01
1.580735500991163667e+00
-1.047370584933568383e+00
-5.699456123521379425e+00
2.687541725533227677e+00
-6.011613505828253601e+00
-5.506970896266327742e-02
-1.080130020488184739e+00
1.547318682651772637e+00
1.293969077401522227e-01
9.467546295658979538e-01
-4.842428615205159659e+00
2.665391957700418146e-01
1.483423469152063134e+00
3.529307281475011493e+00
-7.309137861699948058e-01
3.173457192933605953e+00
-5.901369494449134612e-01
7.431230873591978536e-01
3.533277344130832276e+00
2.461060079525037025e+00
1.122926780108391531e+00
-4.015827030207374193e+00
1.364920220088617242e+00
-9.416764668244765879e-01
-1.929445031172747349e+00
-2.758254852848082139e-01
-4.224182493102733638e+00
-5.181816070491269244e+00
4.854960118339409769e-01
-5.675497076091884363e-01
-1.231699690709231243e+00
-2.606133962216153677e+00
1.199194098244312556e+00
2.673964379437322236e+00
-7.043122414615148319e-01
2.226115425094410405e-01
7.534120193368003537e-01
2.483527221216633940e+00
2.738800939635550602e-01
1.171037315379165333e+00
-1.005783883352238561e+00
6.110524423604639654e-01
4.241113518792170467e+00
-2.821172354531809034e-02
-2.178447331780220431e+00
1.968565283988497061e+00
3.701529684828539501e-01
-1.402106892067515265e+00
3.902576923116308993e+00
-4.834647090508908285e+00
1.807197402353309279e+00
3.956548554920319205e+00
2.632240883023223343e+00
1.702417696402568348e-01
-3.278828226044939953e+00
-3.798180194398148579e-01
7.999327481031759390e-02
5.111212654066752403e-01
4.094635611072074965e+00
8.419171779937850708e-02
8.643608424661821665e-01
1.071649312957552835e+00
2.145212781092665999e+00
2.611578407172292060e+00
2.668951655923341160e-01
6.625763269278704959e-01
1.186379740501934954e+00
1.258962657126808438e+00
1.887884816412780609e+00
-1.615908282998550050e+00
1.577832584958805073e+00
-8.161927985320676093e-01
-3.061261614663205455e-01
6.402331182092995121e-01
1.254697365014455723e+00
3.119803306929883391e+00
-3.296496179844758956e+00
-2.881068239811992449e-01
-3.068783943234194567e+00
-3.401251813928738876e+00
1.353384699790638912e+00
1.974664262171292872e+00
2.061732287860480461e+00
-5.188030177778117924e-01
3.219514789320287118e+00
-2.501371925123518025e+00
1.883874269710478888e+00
-1.279709890130966699e+00
-3.058309781565105911e+00
-1.696133440518550195e+00
3.243518849004507487e-01
1.848678139556285682e+00
1.031414213889794596e+00
1.232628639087826272e+00
1.147831273681356068e+00
4.359610257314625592e-01
-2.402009511705502032e+00
-3.410826452466971137e+00
-1.424276332411827495e+00
-3.742239137047522757e+00
8.547333281606670496e-01
-1.626400760661760092e+00
-1.791103636011059486e+00
8.979046766125919898e-01
1.234095259809292022e+00
2.118337460733134225e+00
7.322132394064380101e-01
1.634909419735976144e+00
1.794191572859130890e+00
-1.111861868741756965e-01
-6.392325772013114360e-01
-1.547450999680556771e+00
-5.909212802154162336e-01
-3.589582135335986912e+00
-8.640478928673831494e-01
-1.779505783615935588e-01
-3.180725999406492921e+00
1.105658206136971078e+00
1.804270008847385975e+00
2.421014264211746259e+00
1.008806180474690617e-01
-2.314839310140357043e+00
-7.289888737781882178e-01
-2.616805289591948469e+00
5.899823756667315067e+00
-2.695274043579192647e+00
2.456795447863151072e+00
-8.267769727827534165e-02
2.191955695778995405e-01
-1.831775037595760214e+00
-5.300301459712481567e+00
5.089362898560438886e-01
8.888619623386100344e-01
-3.424388855498804674e+00
6.349236790564488642e-01
-1.254975663387887685e+00
1.068152089549369910e+00
3.620199635341991851e-02
-6.330500795306335249e-01
-4.270378447492573226e-01
-2.988431331028453375e+00
1.461345842611760704e+00
-1.586341237373156132e-01
-4.699714903106793074e-01
-2.424829344536647557e-01
-1.631572702399668673e+00
-1.979257918583684273e+00
4.642718083138628327e-01
2.156788155367257875e+00
-5.773617881145836961e+00
-4.100807484745379483e+00
2.785889242363191798e+00
-9.708965591530898109e-01
3.211690786100517503e+00
-3.086273940549042916e+00
-6.878217493755864886e-01
-6.909272447062437816e-01
-1.488823228251291653e+00
1.297585760537556032e+00
-2.663693747832815539e+00
-2.487731240122823539e+00
1.804222872261695976e+00
6.382554541082541277e-02
-3.282060817041951850e+00
-2.095594657497111157e+00
3.760350321195855550e-01
1.943881117201502695e+00
-1.267867130333660386e+00
-5.321331119320324987e-01
2.894507942533206091e+00
-1.095827446891448842e+00
-1.401098041320003595e-01
5.929291756280341552e-01
5.777833512902770252e-01
-1.813453421308707014e+00
2.779739240796293753e+00
2.022887455111611610e-01
1.979528859055136314e-01
9.814548078781224483e-01
-2.274187057195367068e-01
1.801610259020311466e-01
-8.805036047788865616e-01
1.105229725077704117e+00
-3.182673437465796340e+00
-8.319697412083564281e-01
-8.540518113829405067e-01
4.767271437129361189e-02
1.620826239913919053e+00
-2.601769419824568885e-01
-4.307400884363202564e+00
1.728022628238330638e+00
-3.436086208764678407e+00
-4.113822026895386230e-01
1.491630231176649168e+00
-1.934726361320516785e+00
5.752515519973938618e-01
2.795420547496405561e+00
1.595899310792248338e+00
-7.450319077751299535e-01
-1.256581457830372894e+00
2.851886685161838297e+00
2.616094122088533425e+00
1.091779714790730438e+00
-4.610625662405096747e-01
