-3.657643961351177087e+00
3.144133078199544684e-01
-1.353272943808986550e+00
-1.195112900764174341e-01
-7.141272471764174234e+00
-1.506803588822441142e+00
-3.187465172221215504e+00
8.065328009943488752e-01
3.820629215287920655e+00
-1.635933970975273821e+00
-7.734399277012667939e-01
-8.037623987375992485e+00
1.231521050601782630e+00
-2.923299807160071317e+00
-1.258625468735467656e+00
-3.365261753943085576e+00
-4.915869411559826929e+00
5.825957794476820384e-01
-1.581649701159444810e+00
5.067408110588900172e-01
-7.560356538479673372e-01
-8.601251191172640809e-01
-1.897247229786639622e+00
1.634608114029790116e+00
5.160132707442881106e+00
-2.141667212957567124e+00
-1.441087910506936298e+00
3.393773451740377256e-01
-2.454828101307339749e-01
3.344496431192417241e+00
6.355324494235784494e-01
-1.761148281714475461e+00
-5.115736098696118894e+00
-1.111662186719156509e+00
9.879985724378860246e-01
1.424806101994820606e+00
1.769646870017290263e+00
-1.308929396540657653e+00
-1.339881862738187435e+00
3.254705894197162053e+00
2.170224097525856877e-01
-1.605425325017977300e-01
1.042250260482062041e+00
-5.731362001689165098e+00
7.583501088796051892e-01
-5.824529914469178671e-01
1.959656074266758807e+00
2.029495877911144497e+00
-2.892515256342842456e+00
-5.097423679085157922e-01
2.013948499029876604e+00
8.227661673605399795e-01
2.910274197856605571e+00
-3.195968362052717726e+00
-4.069348074290428663e+00
3.130764818931991211e+00
3.872905288479196462e-01
-1.893918308425939889e+00
1.609160840978342555e-01
-6.212829875856039630e-01
-6.398985790141988872e-01
4.582731954985066913e+00
9.182437272133459061e-01
-1.749090349598273919e+00
3.798746187499340010e+00
4.531810047566083854e-01
-8.275285675617496395e-01
1.570644732744553185e+00
-5.561363761917300863e+00
1.932648614327924896e+00
1.986588041243725344e+00
-1.954693269745853890e+00
9.497601634486362299e-01
-4.535042701058689119e+00
3.178537552060880955e+00
1.537479659528426135e+00
3.089906227090675195e+00
-4.228912251517978227e+00
-1.893911178513872695e+00
1.570686619918630900e+00
-1.249788841339329881e+00
5.021195025710863291e+00
7.916623744009055885e-01
-2.893081161232308185e-01
6.490543039249141444e+00
1.571603566149725406e+00
-2.519708080211663148e+00
-3.639646780927621172e-01
-1.531308717057910496e+00
-3.567700290521181206e+00
-2.226693985736140746e+00
4.118753832410727789e+00
1.031191162716489362e+00
2.879134611560371759e+00
5.264750532760675839e-01
-4.565669975999882446e+00
5.291370515694914234e-01
2.605040344330467050e-01
-1.448367714744709378e+00
-6.869587185281726072e+00
-9.137186153759864482e-02
1.957803682611964469e+00
-1.632801371328743478e+00
-2.155573409299782472e+00
1.370037797456774564e+00
1.972119338503518726e+00
-2.084796465037630497e-02
1.641447117063384198e+00
8.738655433660570182e+00
3.122931908512161847e+00
-5.433117301578980651e+00
-2.428283252053770880e-01
-7.858230029856357879e-01
-8.984749494246625501e-01
-1.460052652576843579e+00
3.819632879393267455e+00
2.816615406512013031e+00
6.232451194648472859e-01
-1.597188714317490765e+00
2.392552244567969666e+00
-1.073254115082398430e+00
-4.233710056322980364e+00
7.594383982306653902e-01
3.819762375370797436e+00
-2.310339310005025126e+00
-1.502055874229146326e+00
-5.596411854597007629e-01
-1.897040384299656601e+00
-1.514351917710625273e+00
1.629469088649991626e+00
-1.142443991379551438e+00
3.696808518198144267e+00
1.829133606284144564e+00
2.464873475034365491e+00
3.422329071350141416e-02
4.295379406254069110e+00
-1.769190141780809800e+00
-2.147438877951841185e+00
2.433010470041667261e+00
-1.457961079835589757e+00
-2.467953623726424350e-01
7.578334296564851469e-01
7.396759563750818778e+00
7.158349075809327111e-01
8.013341902585402465e-03
6.581931566303978798e+00
-1.900103157633531881e+00
-2.291071603974065285e-01
-1.667722242725672377e+00
-1.431525000517826829e+00
4.048039186604063921e+00
1.406117671414327974e+00
-8.506876822325057930e-01
2.365065561980086439e-01
1.593699463056982957e+00
-6.934889244817620479e+00
4.065906669599634427e+00
-6.336206321118723395e+00
1.658860004017148393e+00
-7.637902491432448926e-01
-5.023203654136139118e-01
-2.518670202241501954e+00
-3.706751786836901097e+00
2.313081190354151939e+00
-2.297619647638633023e+00
-3.467451735528115364e-01
-2.410577825657480577e-01
-6.071713111804413643e+00
4.035266531370700349e+00
3.942883523069732998e+00
2.956016145714174925e+00
-3.321596240898582852e+00
9.877708094517525517e-01
9.726429762108810273e-01
1.918795040216694225e+00
-2.122839894129763927e+00
-9.380885200047761607e-02
1.138586179101026996e+00
2.978626480794828169e+00
6.981013208137067494e+00
5.952270244476527417e-01
-1.712082987860025218e+00
4.316443687706177368e-01
-1.445479897643579648e+00
1.262460228825687203e+00
-1.430310686842279910e+00
-2.788125362679365615e+00
4.268863526251299945e+00
4.692713583594517956e+00
2.126013986480900009e+00
4.901659262470403178e+00
-1.130830621213509524e+00
1.444777677897371770e+00
3.389225839256317041e+00
3.995570813101630314e+00
-1.815366159928391898e+00
-7.507370430514923587e-01
5.132534604819239732e+00
1.863401638015703465e+00
-1.554198034571948384e+00
5.252035922276610869e+00
-3.618450230487106012e+00
-3.505008526278833525e+00
-1.938870186479167756e+00
-4.787842935243382669e-01
4.986683993563480577e+00
-8.295174797177832460e+00
2.026860286631779307e+00
-2.312442820663673793e-02
1.973666275893452449e+00
-3.633185042498288997e+00
2.052720683780210109e+00
1.630787097118335360e+00
8.760791293423868531e-01
9.199308915663078068e-01
-5.793680999392812225e+00
-5.110613473182347377e+00
2.468194702088628567e+00
-5.844831875361200524e-01
-4.434078391829967103e+00
2.471312089342533103e+00
-1.524833481021685255e+00
1.866442115134452795e+00
1.412714642698053691e+00
4.790612863284822165e-01
1.595801550239443478e-01
-6.287567712392258201e+00
1.819713568053106023e+00
1.645275929564574025e+00
2.293335721486698731e+00
2.267553619930737341e+00
6.735959840190972603e-01
-1.400078320978935142e+00
4.639344987518823071e-01
-3.436225178072876307e+00
-6.976871872110043782e+00
4.640007601056022501e+00
1.485748421469549108e+00
4.527869323528451062e+00
1.286126303616133892e+00
3.183348673578020094e+00
4.849620494185349351e+00
1.978186937657480104e+00
4.999300823144688377e-01
3.808830757780600873e+00
-8.087270353192900885e+00
2.210856594702209854e+00
-3.419697896674243509e+00
2.817171590879027576e+00
-9.287978934276780452e-01
4.173686136473736319e+00
-2.969069774915027438e-01
-2.796646113726836802e+00
4.114507536184650149e+00
1.440003781747675626e+00
-8.295746021630087341e+00
-4.238273893232805456e+00
3.817482880356243058e+00
-1.253068575556049558e+00
1.205074879343172256e+00
-3.946475251043703558e+00
-1.763931926427068753e+00
-2.306665545306103127e+00
1.745721661510289957e-01
-3.918275312663541676e+00
