-2.372530403073594751e+00
3.308029467819852965e+00
-5.310320497689004604e+00
-1.020384807364365987e+00
4.968456172776430924e-01
-5.593800273884045104e+00
2.258427115456436152e+00
-1.162229172280122569e+00
9.217378671009385238e-01
-1.601920958585220323e+00
1.715292048786750900e+00
7.968691327808679059e-01
-2.201525174406988583e+00
-1.075038883764587005e+00
1.255949215932162799e+00
2.516404564088329909e+00
2.554466093912493463e+00
2.513805744777840800e+00
2.801915456604811006e-01
-2.506458240014978855e+00
-3.314997027995702616e+00
7.952768877110085732e-01
1.988301375434949891e+00
2.159390354089864239e+00
-2.126523656460470590e+00
-1.835180106525590382e+00
7.041065310723093607e-01
-1.992577664057253450e+00
3.821142869193009162e+00
-2.409505583520195060e+00
-2.227551203133555369e+00
4.029749715185191317e-01
2.005870587575017794e+00
-5.159997655031665076e-01
9.591223896628301437e-01
5.899284026591766761e-01
-8.754036197213563852e-01
-9.860129050587489452e-01
-1.659640255269011266e+00
-3.902694867781371091e-01
1.962986885667932668e+00
2.456719801739272180e-01
7.456183971094235696e-01
1.849851963724811643e+00
1.462472022669440763e+00
2.044502854359366850e-01
5.969951073188690671e-01
4.521475157645942211e+00
-7.128017837794947686e-01
1.439445745249821051e-01
-1.166681381450490163e+00
-7.637712976727717429e-01
-2.123123882846859711e+00
2.759902144029826587e+00
2.561678099202609360e+00
-4.297433523558916058e+00
8.742428362831855537e-02
-3.506426838356679010e+00
7.444647452790085218e-01
-3.053723673517583226e-02
1.090360886489750492e+00
-1.299702286213544999e+00
4.662293954812335439e-01
1.480008098255690907e+00
-5.736766773625021631e-01
-3.366927000022211569e+00
2.319524388363337852e+00
3.887642623234699002e+00
-1.237948948203345667e+00
1.606303098232919613e+00
-2.117243836023101622e+00
3.725500827982257235e+00
2.322808645508271042e+00
9.882364375112961952e-02
-9.883728585880351414e-01
-9.798061294729194515e-01
-5.487615366342497580e-01
-3.879921890283604125e+00
2.414904858272898913e+00
-4.052378276127083234e-01
-2.547541973755589773e+00
-4.475810041707802611e+00
1.846480237916946043e+00
1.648153832476996872e+00
-8.367519695250550393e-01
2.159192873569605542e+00
1.342068566370146820e+00
-1.528979073866404415e-01
5.276908411389069631e-01
2.525740653520793799e+00
-1.573718080291474752e+00
-1.586457102968865662e+00
-1.671670109544278082e+00
-7.502603526417419566e-01
-1.125854752892559540e+00
-1.389637413999276205e+00
2.146625127794043131e+00
-1.643263673742390019e+00
4.545741696617938032e+00
-5.547863631541169127e+00
5.694233647930163622e-01
1.223485326696040376e+00
1.121544205360475166e+00
-2.267882560921086199e-01
-1.624508358063867952e+00
-3.546608572214486443e+00
-3.703697112877064601e-01
-1.824883357210000279e+00
1.303611822617726901e+00
-3.005819680058907650e-01
1.012479484938603180e+00
3.558735803570211687e+00
1.487372064602468180e+00
1.984110533121596465e+00
8.553349379179213674e-01
4.264546407745499756e+00
1.437373931224949164e+00
-3.314701464706363510e+00
4.077937767097621347e+00
-4.030889009791791544e-01
-1.736881132726256105e+00
2.768592052862516528e+00
1.118568492930990477e+00
1.189448826135765191e+00
3.964368957705335372e-01
-2.326974407868224848e+00
-1.279718862880510510e+00
-1.369372388680734076e+00
9.661065699797299899e-02
4.772475902919530277e+00
-2.073646360425591695e-01
-5.105644178151284684e+00
-3.760357352931929853e+00
-2.450558899698404680e+00
-1.772030309842955065e+00
4.424382141412182001e+00
-2.572166213721126304e+00
7.186915997976903725e-01
-7.383464097014740268e-01
2.818775530798101059e+00
-1.574893324596012611e+00
-1.818737835607423747e+00
1.172589018998739796e-01
2.318392389154556366e+00
-4.121569133162640841e-01
3.011926236771698129e+00
-1.318768557877221248e+00
-1.584024301836428616e+00
3.293202561466761047e+00
-4.473889029502370995e+00
9.747358410403997864e-01
-4.311602190694001635e-01
-2.057097900486585473e+00
-4.570824271054680366e-01
-3.912813950368756899e+00
-1.590831100519267682e+00
-2.866708982287313745e+00
2.107526746827152575e+00
-8.356324708001627855e-02
8.550067025599380477e-01
1.651931532515623413e+00
-1.203867252399865695e+00
-1.689298122059460727e+00
3.692568608226727278e+00
7.306341098091717612e-02
-5.532468509296694092e-01
-1.496415687516490234e+00
1.406553372297519866e-01
-1.197227275354583731e-01
1.305566515353203449e+00
4.937013583818826490e+00
3.925686120038306193e+00
6.351188290920148916e-01
-4.052493776800529801e+00
-9.330188278536797331e-01
-2.318507230646034145e+00
1.340269284437957786e+00
-2.134004257764931634e+00
2.943514996634162273e-01
-9.814250793860437305e-01
-1.000653191733820169e+00
-3.063356291047746538e+00
5.406939317078488294e+00
7.142279357541188034e-01
-2.250104039558125102e-01
-1.256112215458717318e-01
1.852916079396331295e+00
3.921901848095762588e+00
-1.776180765743403001e+00
-1.009206556053242387e+00
1.617595930968821705e+00
1.521107591239633905e+00
1.683903067144419952e+00
5.627540869363434339e-01
-1.725079968697706523e+00
-2.536961597606125274e+00
-1.751280809046491305e+00
-6.272348127092688408e-01
-1.498846574191059489e-02
2.179324690011394061e+00
-2.913128536203906549e+00
-1.971711525100332096e+00
-3.101311482466795333e+00
6.674597474208531445e+00
5.977911575453849213e-01
1.119391426803204720e-01
1.720200109522898479e+00
2.182921554080913040e+00
-1.787752264280128456e+00
-3.656320692920867366e+00
-2.096789208648069280e+00
1.715951758689422402e+00
1.229450118573173878e+00
4.643011846536529319e+00
1.821368540992396090e+00
-2.984380799903770587e+00
-3.907729622668656866e+00
-1.284936295092873326e+00
-1.122777189628865635e+00
-1.485706063072948613e+00
-2.311848210258515834e+00
4.005672273489921942e+00
4.610465850659629439e+00
1.407350929256798056e+00
-3.851175249064819894e-02
-1.532301164782231773e+00
-1.068546632239799399e+00
1.227808360286718248e+00
7.915769005468805686e-01
1.345072279499675894e+00
7.807951039774224666e-01
-7.140877666095930554e-01
5.383638666867884837e-02
3.317169278548495193e+00
-3.954752131842161345e-01
1.128020887604684663e+00
1.965145271476017363e+00
6.930637134936450394e-01
-3.787659362728251766e-01
-1.731855180909649405e+00
-3.477200272091718336e+00
-5.459960023929264494e-01
-3.726053233793988895e-01
4.452821708777300991e+00
-3.238779015135745398e-01
-2.135308322644895451e+00
-8.660773722011708697e-01
-2.563134522919258806e+00
-3.530185230943978514e-01
-7.530525789957676075e-01
1.091060970815835418e+00
-1.482033392595559995e+00
-1.081818864876220587e+00
-1.501237080409568492e+00
-1.919964243308294183e+00
-6.980586297196987644e+00
-4.421637654463117073e+00
3.635856251383223547e+00
1.155409525580401775e+00
-8.050485872053811942e-01
-1.047230590925259053e+00
-2.093867978267485164e+00
3.960709258382643760e+00
-1.102923035230859661e+00
-2.285731570903450471e+00
