2.578502013027063278e+00
1.773530968392042606e+00
-3.756954967987233829e+00
1.072098801563946324e+00
1.489212384703046510e+00
4.374400441343508916e-01
3.978142585611363025e+00
3.433624450120904115e+00
-2.486013782046962994e+00
6.204897741769799246e-02
1.861888795086369175e+00
-1.312410235530383940e+00
-1.538777406230547262e+00
2.632168565477061684e+00
-1.568518728052101574e+00
7.420536982592569331e-01
-2.330455460493848552e+00
2.230312649394299740e+00
-1.468988982251268061e+00
6.232660469638930945e-01
-9.308470443968264174e-01
2.777929590995709574e+00
-2.859830842979079080e+00
-3.008959626192675429e-02
-1.655888715379190801e+00
-2.790155451978424406e+00
1.933941097615168303e-01
2.597143236278458112e+00
-1.936909670466633315e+00
2.940888759342429104e+00
2.215848495002745722e-01
-1.140559059803119890e+00
1.879478700769284139e+00
-2.345692446770994977e-01
5.219141444758365056e-01
9.300717537002944901e-02
-2.226044205617436322e+00
-1.005025141011306022e+00
-3.688331326979636948e-01
-3.690702999020162078e+00
5.230078458768772087e-01
-4.823735687495009472e+00
-1.056250543325434332e+00
1.911691904497917927e+00
-2.060697323066826847e+00
7.632480707511485329e-01
2.143050310667413250e+00
-1.120808172857323370e+00
2.474737975210348773e-01
-7.093641082146744381e-01
1.612628172786631175e+00
3.694536947074000821e-03
-1.152309271576814620e-01
-4.435605583749092418e+00
-7.237681583029642596e-01
-1.303770630581644996e+00
-4.844961956773565781e-01
2.811444151776191447e+00
2.917475801336108177e+00
-2.467069016689483085e+00
1.921252755433416892e-01
-3.356390427609401428e-01
-1.777741598623060915e+00
-1.373128533939989848e-01
1.916358386691554339e+00
-3.965244045406051576e+00
-5.316568717200387262e-01
-1.550636486957098548e+00
8.699100455267152476e-01
1.547695073318823722e+00
-1.889856534721930270e+00
2.314971689451637449e+00
1.004701574132931263e-01
1.045127540965991031e+00
-2.098997587789441344e+00
1.852531273809383316e+00
5.859014234160517809e-01
3.912964024368964511e-01
-1.344752410643323737e+00
-2.718779457682815259e+00
-6.189251352334137479e-01
7.264546014849556643e-01
-3.423363674294106929e+00
-2.215163709108412871e+00
1.087756920985522680e+00
1.179987792742944297e+00
2.365814344943125036e+00
-5.136053423255153572e-01
1.182784776470644506e+00
2.062521517317381647e-01
-2.881016764685358833e+00
-4.164890623921026602e+00
2.729143806108662584e+00
1.434052685118231807e+00
-1.540838100176802783e+00
-2.096224458018564718e+00
2.347048294127776380e+00
-1.594060703753714670e-01
2.849721392631023420e+00
6.360224714982285477e-01
1.096465873422214798e+00
2.596900865986295215e-01
-4.868536566235384555e+00
9.642692965534882532e-01
2.588250326306914317e+00
-2.005565159402390663e+00
-1.324265177045733655e+00
-2.324258648911386338e+00
6.472636716935871171e-01
5.351398437775968020e+00
2.063858343832043030e+00
-1.011665870383319010e+00
3.184778848998998102e-01
2.191043943200055466e+00
-1.119274135850230500e+00
1.747997558244865246e+00
-7.472892894747478199e-01
1.946899895388009671e+00
4.615157781622435174e+00
-3.229695721349791770e-01
-2.369559865776536878e+00
9.185900732993805828e-01
-1.756602472275691440e+00
-1.239138565902440092e-01
-7.191502906954063690e-01
1.186408223933901329e+00
-2.950405358361242847e+00
4.960032006393523263e-01
-4.763968009738168141e-01
-2.599031635343047597e-01
-7.782383426481207511e-01
1.572374021249983489e+00
1.857510426620105459e+00
3.211609010518006180e+00
1.910835895127544148e+00
-2.242146184363620343e+00
-6.446526323642864931e-02
-6.380158525439909578e-01
3.631573697184296901e+00
7.768850672761971055e-01
3.100994466863468801e+00
2.903301637830867143e+00
1.453428172983786348e+00
1.836850898238694185e+00
1.539179575571133718e+00
1.553365391540010076e+00
1.641448517101253834e+00
-1.949919334505256785e-01
1.013243433149704442e+00
2.457507245190302836e+00
7.483713557946980455e-01
1.533037969321952687e+00
1.065516264755526077e-01
-4.886654419749045797e-01
3.233422424238758364e+00
-6.409621539743045604e-01
-8.019481213012424892e-01
1.902964892335616831e-01
-2.599671601863775106e+00
-3.065174697272817994e+00
1.679468708706211011e+00
-1.529825584610772449e+00
1.783364261627552683e+00
-1.785293126343405756e+00
-2.926375373740073726e+00
1.442531214462484002e+00
1.761546066311240333e+00
-1.683119707032069368e+00
3.114701323477777617e+00
3.709857259362879578e+00
2.369706608877895526e+00
3.318676053682378946e-01
-1.999840281155213173e+00
1.334888942988162297e+00
2.478128284900665612e+00
-7.280921111327505191e-01
-1.624941649620383677e+00
2.830958668544445889e+00
2.673674011216808921e-02
4.167272736061081950e+00
2.878201814118706015e+00
4.145463756960996449e+00
-8.502315490968452849e-01
-4.687688456791995861e+00
-9.848499200661913200e-01
-2.308349547480142760e+00
2.734963525886020541e+00
1.800598909560263694e+00
1.287522419469526724e+00
-1.195391768434891366e+00
-8.815149657112963943e-02
-1.487810068701239219e+00
-8.110221914542941057e-01
-2.838744845871726596e+00
2.187210731967007327e+00
-2.815452078897094701e+00
3.186254921345169411e+00
7.710871388369557877e-01
4.737117169848199083e+00
2.331961699970916957e-01
4.026931104398841832e+00
1.859148654218798935e+00
-2.922840235740547854e+00
-3.990163518487481187e-01
-2.353011522239669251e+00
6.629495971323587367e-02
-2.263471119720041003e+00
-2.517710660549668855e+00
5.845898355475291908e-01
-1.962097942297936992e+00
-1.070487332871535857e+00
-3.635933309500508859e+00
2.074298732502410036e+00
-2.923809867387336947e+00
-7.195351979536090958e-01
7.659550630685378891e-01
-8.179941306546214541e-01
-9.109402422477730354e-01
5.734011744315800740e+00
6.995859712797978247e-01
-9.347074167932130084e-01
7.565643746318926333e-01
2.782408815092594079e+00
5.544372523584173429e-01
4.508754002302874930e-01
1.323426762422825531e+00
4.051877241556997689e+00
3.178601714811466472e-01
2.773113252981974419e+00
-4.615557591810159010e+00
1.056081963582958583e+00
-1.984491399714253923e+00
-3.013150262965264004e-01
1.820017208783355933e+00
3.950633186234482785e+00
2.799216792850344415e+00
1.369796698246677380e+00
-8.928669804355412465e-01
1.980113119093157792e+00
1.056204770492197076e+00
1.413195275988551880e-01
-2.974856140055768705e+00
-1.746710175231005691e+00
-2.654493908305384231e-01
1.289972816670083677e+00
5.990847074273024653e-01
-5.924028932789582313e+00
-1.176531835010358851e+00
7.809029737082530120e-01
4.205914667791571526e-01
-1.502556877411315162e-02
1.737379482466426595e+00
1.389373033496793530e+00
2.433290725714886693e-01
-1.424518679095098994e+00
-3.135759640455078046e+00
-4.043457071179800799e+00
1.184715740425631880e+00
-1.337230256807909523e+00
-2.211353015258780363e+00
-1.887504540817559473e-01
-4.148625236662236704e-01
-9.199195377517430106e-02
-1.803283866091225818e+00
-1.407234750320930372e+00
