1.977768029533860439e+00
2.927688531342160339e+00
-4.392284168215374152e+00
-1.173721030626385664e+00
-2.113881477343547033e+00
-6.892827761390264429e-01
2.494976981871596333e+00
-5.406057680761454654e-01
1.824140802343872769e+00
1.868798071173550235e-01
1.604675557493861815e+00
-3.511584441989991312e+00
6.536922363475816677e-01
3.643097571776066079e-01
2.601280472672667265e+00
-1.682162769642862932e+00
1.267917032286954626e+00
2.040230124047972549e+00
-1.313349485959750762e+00
1.133939978976343133e+00
-5.314703158849132247e-01
-2.735919021199879175e+00
1.642346665963517083e+00
1.447511255481396475e+00
1.170154184887346904e+00
2.969445788035676159e+00
-1.384630832784831789e+00
-1.037855466773749402e+00
-9.919962959589574414e-01
-1.352567282613561961e+00
5.059664047432793410e+00
-1.874400021759452084e+00
4.827097059136109536e-01
1.148437535237694096e+00
5.290596288866767694e+00
-2.443033341973023909e+00
5.576610841336009372e-01
1.914744197588334806e+00
2.798316058741818324e+00
-1.923337592984820654e+00
1.903443122275040977e+00
1.163805100283370697e+00
1.521860550413262736e+00
-7.842677839427920627e-01
5.268465665677415366e-01
1.555974388025307409e+00
-3.850585885037914213e+00
-1.174404735546361156e+00
7.558958875916982345e-01
-3.614157090044489262e+00
-3.558427973785209808e-01
-6.287992859323344064e+00
-1.564027569751281987e+00
-1.140758932109362522e-01
-9.897980888757973439e-01
6.215117131577021503e+00
-3.053061657764720493e+00
-3.755915118686247833e+00
1.901941444250100588e+00
3.817763130910956981e+00
-5.158646682949734608e-01
2.817047759620908032e+00
4.602345277713646432e+00
2.560231338119665523e+00
3.342299876558358918e-01
8.846864992691801932e-01
-8.012458081354363326e-01
-5.089868709700816396e+00
-2.512857976680319627e+00
-4.212180669417650236e+00
-1.249640853217927616e-01
9.731720339496092720e-01
-2.062035041267108681e+00
-3.134816256879248808e+00
-5.008928129892029624e-01
-3.446631196578514800e+00
3.058582284622444192e-01
-1.137738577795330275e-02
1.168975181502716731e+00
2.120123116179716938e+00
-2.209242596799145808e-01
-3.322925183329862975e+00
-4.977439337710691802e-01
2.498056479420579734e+00
-3.583230074815460853e+00
-5.656055297040039065e-01
1.832796072592437486e+00
1.574854307229745398e+00
-2.144028210748456509e+00
-3.222825057857449105e-01
-1.665988847824417807e+00
5.148172049082864632e+00
3.642530836839419806e+00
-6.907285970944071707e+00
6.933007624150135051e+00
1.569044566179606637e+00
-4.794531026527169004e-01
1.916155077610182111e-01
-2.614214731796581148e+00
-2.435606140219546134e+00
-8.746135317905348039e-01
-1.168450147451653987e+00
1.522395193734553676e+00
2.667948326248577029e+00
-4.099416727042643593e+00
2.901079998584555675e+00
9.968557771791930477e-01
-9.267946896081460384e-01
8.079192016885166083e-01
1.567564416350529233e-01
1.738788733821166055e+00
-6.657381463792922949e-01
2.238647077782655259e+00
-1.131004596619629154e-01
-1.227803338764935859e+00
1.167901656003459188e+00
2.130751999484052028e+00
2.175143544023342645e+00
2.001023444031974297e+00
-2.505277984365623656e+00
-4.237999532186341511e+00
-1.458419191201195009e+00
2.459749654687565457e+00
3.258382974597090476e-01
-4.997699464567070926e+00
1.525567708527194144e+00
2.715515205538201471e-01
1.010155549495114657e+00
1.654101158820382889e+00
2.203498528938905299e+00
1.263829091325908038e+00
3.559491866739697974e-01
1.636803444545014807e+00
-3.184568714720754645e+00
-2.706191626685327645e+00
-8.129087925434103079e-01
1.557662798157730677e+00
-6.211983538300698271e-01
1.789007083052249314e+00
-5.522568675097073942e+00
-1.403700956403786115e+00
-4.522509893317665508e-01
-4.607716467310376096e+00
-3.516922831426771978e+00
2.039200337198297852e+00
-3.864318493153288347e+00
4.890188351664409794e+00
2.769748300718634315e+00
3.950558398502491020e+00
-1.453601384293058629e+00
1.306514989643793312e+00
1.720535835765375499e+00
-5.971220460450176182e-01
1.579933115858683346e+00
-8.965390817664355971e-01
-3.401856099533550726e+00
1.629035887407955574e+00
-1.814406777910569923e+00
-1.204796613088772395e+00
1.432287969377344261e+00
2.714672611053003948e-02
-9.019971886317117438e-01
2.699152000500547821e+00
-2.526611555677813925e+00
-1.008794907556825438e+00
1.641189386954649443e+00
-4.052081242626925928e-01
-1.398269954241345037e+00
-1.837750940219060158e+00
4.344176294117600534e+00
3.195202657128845658e+00
1.689863984926231133e+00
3.626169362628800741e+00
4.417564757069449399e+00
-7.828885950989605824e-01
1.463213588980863733e+00
6.707780819509919112e+00
-3.825061171678563188e+00
-1.052104673868611506e+00
-1.378425079760774441e+00
1.226860155611388059e+00
3.425816270283836396e+00
1.936002849069899501e+00
4.768059072133995713e+00
-1.664999766774388767e+00
9.672624122186084250e-01
-5.459186372872354420e-01
-1.674818591260792022e+00
1.134696546378475723e+00
1.442074552351599870e+00
1.827622799352462746e+00
4.136495349136718458e-01
1.021054908761606761e+00
-9.194130093837691309e-01
1.433709152447069646e-01
1.118864076920128348e+00
-4.620330855760183653e+00
5.526712041975399003e-01
1.474217124210710939e+00
-1.952938187744802656e+00
3.791874030038543175e+00
5.363722045196746002e-01
4.191341408111952660e+00
3.215975108295168639e+00
1.378491423157437445e-01
-1.363602697258582852e+00
-1.660451919748503036e+00
9.120288469881199234e-01
3.646506416677973483e+00
2.704647597634608047e+00
1.851482818799943919e+00
-1.759748014974582109e+00
4.809056542340290008e+00
3.374223202802965726e+00
1.213908118604674513e+00
-1.431727756007983299e+00
4.401866351561075419e+00
5.279787582331801232e+00
-1.281602580528757862e+00
-1.475145280469288167e+00
-1.665466782163745219e+00
-7.298519051326468610e-01
-6.446537772690876800e-01
1.723695590713909320e+00
2.492273635339058657e+00
-3.725773860974578966e+00
-2.220615329390280834e-01
1.427998465181250065e+00
-6.195390493999209935e-01
1.546726412868643097e+00
-6.813007037309393166e-02
-5.203934006447490823e+00
-1.347709500958913509e+00
-1.139358264958840739e+00
6.577437461463323531e-01
-1.826613484206768945e+00
-5.529839308505757334e-03
-4.323400225532799013e+00
3.293451338025985109e+00
3.596390291387074445e+00
-2.456592548976210821e-02
-3.833922012778347099e+00
-1.383529628575820292e+00
-7.378256905197457804e-01
1.056623590972513849e-01
5.268231274331367509e-01
3.125051701515231706e+00
4.487974439371150703e-01
-2.958246624001065417e+00
-2.894358482242660013e+00
-5.772389636791336542e+00
3.265172515711296519e+00
2.703178589759566819e+00
6.308078941409073437e+00
3.322190726088397383e+00
-2.166182060426737888e-01
-3.309812164961185577e+00
-1.784688520887878216e+00
4.126008376260061006e+00
-1.141320184559024842e+00
-4.766247619445124428e+00
3.730019194491329682e-02
-2.957289066588181470e+00
2.465051736126463222e+00
-3.617074652573815108e+00
