-3.234390319512941314e+00
-1.845136898666220659e+00
-2.024511965726280671e+00
-9.447589576003526668e-01
-3.561590876563765828e+00
-1.097796185764827070e+00
2.862689078479468296e+00
2.917331201117271622e+00
-5.156320488889591935e+00
-2.384599597056801912e+00
-2.083443326265238760e+00
3.813406079018703654e+00
2.377506514631578138e+00
-1.816952619460767249e+00
-3.320570064647499819e+00
-3.807184665565787718e+00
-3.359929271918256077e+00
3.280117767751416835e+00
-3.759361864434069833e-01
-1.142315658736996475e+00
-9.879074562120931935e-01
3.671970957318958284e+00
-2.446419324308755083e+00
-2.548086673647408595e+00
-1.576226820287927932e+00
4.253438327365910987e-01
1.178650692240473585e+00
-1.129305475667951919e+00
2.961608096082805286e+00
-1.604702376713639800e-01
5.902262482574011093e-01
-2.189529577079599942e+00
-2.233479813386132662e+00
9.705305769955103745e-01
2.895498926142975549e+00
-2.725603509111823364e+00
-2.010986280808474636e+00
-2.922660147588912238e+00
2.502660779641205924e-01
-4.601536894857365390e-01
7.614639867410131213e-01
-1.797093176342669851e+00
1.239742268228312350e+00
2.466114146001368024e+00
-5.334527722873088074e-01
1.347659942490844198e-01
-3.386147933227023898e+00
-2.121728402007032610e+00
-3.196095152074001078e+00
6.276126634981469277e-01
-1.278161683381209945e+00
2.771668734278882607e+00
-4.410218593410657917e+00
-1.451174417410259876e+00
1.932099732221477684e+00
-1.220743854697033726e+00
7.735656652528628552e-01
-8.842361834295264789e-01
9.848174782817240569e-01
2.852664435630453355e+00
-3.520001561608417928e-01
-1.101914201002801130e+00
-1.479257335568864296e+00
-1.785171374088945662e+00
-3.330897240394729231e+00
1.124822064671747723e+00
-1.634774475615838218e+00
3.336379303819391851e+00
2.041802195694341293e+00
3.724169081556254923e+00
4.160163502558519300e-01
3.081765888332903103e+00
1.741555070867518928e+00
1.200968967234010476e+00
-1.730154891926509952e+00
-1.594564797670883660e+00
-2.414120197738461038e-01
-1.391275112554255511e-01
-4.071829718497971484e+00
-2.455807947905573663e+00
2.094298295571839663e+00
-3.602599805106279529e+00
3.778327193239540360e+00
-1.483365989924650741e+00
1.914278352121050464e+00
-5.486475655485949510e+00
1.329531151040791892e+00
-7.323817021505178992e-01
3.853658909184791703e+00
1.834171986737841431e+00
-1.543909266895232002e-01
-4.956017759187172356e-01
5.207161123772290345e-01
-1.185421532478068363e+00
2.255665623259811792e+00
6.049320622044049856e+00
1.606668166681018972e+00
-1.967612806159485750e+00
-3.227969615161092598e+00
7.277170970764162972e-01
3.069852487215515846e-01
-3.248644238128119532e+00
2.699368013787073473e+00
2.693006980943446926e+00
-3.199701727924700645e+00
6.545007065924873801e-01
-2.066214309866317933e+00
3.999877917682844508e+00
-9.788499100811770548e-01
-4.992459064843969507e+00
1.719336976462859656e+00
3.424522203944381005e+00
-4.041716472531530435e+00
1.361644395322249679e+00
-8.220473389537681363e-01
2.390318051451809200e+00
-3.272034811104953533e-01
-1.210365362267687317e+00
2.532708908467640185e+00
5.612661880270886083e-01
-1.305681050392189402e+00
-2.106577844122405896e+00
-3.023392680736570526e+00
2.182099195746904918e+00
-2.360291168576801102e+00
2.424226746667327292e-01
-2.029330315199268764e+00
-7.842754863665493126e-01
-7.496865432879685764e-01
3.605117396943504637e-01
2.808464232030126073e+00
-3.746443113822218507e+00
3.378520361347523426e+00
1.416040422037110780e+00
-2.691165718025386067e+00
-2.920157838124520122e+00
-2.718075135470999104e+00
2.459827559048940682e+00
7.022567451495398405e-01
3.393708664604339731e+00
3.672014971968075692e+00
3.911220804423757968e+00
2.340683613737100099e+00
5.121700567661610748e+00
-8.539975160344753791e-01
1.811702732390914061e+00
-3.602704113527290808e+00
-2.762872412269731459e+00
-2.607300090103936263e+00
-3.313393073491012419e+00
1.018246558425366821e+00
1.413643245769440338e+00
-3.794194592692981427e+00
-1.387883544558576432e+00
2.539199424967123697e+00
2.740661436884345381e+00
-3.183748695791486227e-01
-1.939760484235482974e+00
-3.512509177594426379e+00
9.554452584344300670e-01
3.042123261406915358e+00
3.968954890711957617e+00
-1.497342035692075024e+00
-1.383259442375812442e+00
3.765576909491514357e+00
1.606579118240597515e+00
-4.484445072163069312e+00
-8.008683833498491111e-01
8.857259797697678572e-01
9.302099131549563804e-01
-9.273614842975725914e-01
-1.388587328388851461e+00
3.743554292045805809e+00
2.500464093292648293e+00
-3.504601540245954716e+00
-1.383062600127038078e+00
-1.180727823647340635e+00
-9.345496905503418716e-01
6.299406648698990807e-01
-1.659126467679095107e+00
2.751668527946356413e+00
-1.027614370224835705e+00
2.765424452667868405e+00
-8.264182765012684229e-01
2.590574745811623281e+00
1.699934938726852529e+00
1.203097151784936036e+00
2.061992213893001136e+00
-1.732184388556841981e+00
-2.110517112216613533e+00
4.181707698135243234e+00
7.359791748248627474e-01
9.039973173498234704e-01
-1.342988897086299982e+00
8.507157565075428307e-01
1.454218423182731756e+00
7.533445968681715676e-01
1.877423930220577075e+00
1.001324071076018285e+00
3.499618727477082469e+00
8.428403892766148653e-01
-1.246033949935261953e+00
2.371336366426321229e-01
-1.301413742963377640e+00
3.901178513025561623e-01
-1.618526123884588719e+00
-1.605768106583771893e+00
2.915692358424615716e+00
-4.723048003079226120e+00
1.212797167467489112e+00
-1.155581227846966597e+00
-3.529037645160921333e+00
-3.392995115749844470e-02
6.579874839155110955e-01
2.173215860384479559e+00
-2.209651589292993545e-02
-1.491337461307260526e+00
6.352058211661768539e-01
1.753632227747590200e+00
-1.022199911907901271e+00
1.759722824325827384e+00
3.190020236465977987e+00
5.401555913742649428e-01
-7.969769527493619776e-01
1.263149758139142209e+00
-1.512781772524899093e+00
1.919189820718646855e+00
1.942966834986644242e+00
5.380231545831181128e-01
-1.275856644859605593e+00
-1.592783045490282712e+00
-3.625938388619696084e-01
1.662390596894240513e+00
-1.035948712064035382e+00
5.886237947738672815e+00
-4.376867720542731988e+00
2.508404213122406023e+00
-8.752247093037710535e-01
2.517493565019094159e+00
3.670562730173541066e+00
-3.082791885995577186e+00
3.344683488267224725e+00
5.834481326662728229e+00
3.109056148382577378e-01
2.604143799329979192e+00
1.091328210490832173e+00
-4.277551331140529989e-01
7.858692931831922079e-01
-7.321373731420255382e-01
-6.348109770927896633e-01
-1.767324619466927871e+00
-1.503486351114767805e+00
-3.430029667396402804e+00
3.267182514255576375e+00
-2.858010782172309305e+00
3.440783675489559879e-01
-7.862911296708319231e-02
4.312560768250587984e+00
-2.726778275012289310e+00
3.289257087412876146e+00
-2.770481225835041972e+00
-8.284873899895380811e-01
-7.116295975212553193e-01
-2.088228596226017475e-01
-2.242855840040544724e+00
