-3.290081022476594619e+00
9.057656356202956616e-01
-8.794057505241546835e+00
2.560331262667286722e+00
2.483202304132482663e+00
5.047445853573465868e+00
7.615667437173873067e-01
1.971519532650303663e+00
-3.555497972865558909e-01
4.448847796708745861e+00
7.356959120940338437e-01
-9.091886847372835589e+00
-4.946831289027577405e+00
-2.828906040398983190e+00
1.317088837685267411e+00
3.109197774742371578e+00
-2.422478552797324269e+00
-4.471838696414369707e+00
-1.847430472354635533e+00
6.853548376182343915e+00
-8.605131912085618451e-01
3.861083019498448454e+00
3.246367835299798443e+00
4.599977685849405695e+00
3.918714023135594804e+00
-3.169973191700134585e+00
4.171136411626257812e-01
-4.836499784871405971e+00
1.509892454027708997e+00
-3.731059994674272851e-01
-1.601219233762746441e+00
-1.391628608758546104e+00
2.318479530883330142e+00
2.103733776149200096e+00
4.064530166084057150e-01
2.829408461389410601e+00
3.093922045908538365e+00
5.529184051634643549e-01
-7.472122954282107266e+00
-3.618654774889014103e-01
1.946008307123995973e+00
-4.929103174841789503e+00
-5.315588908971684567e-01
5.249883359994269583e-01
-6.110471893160479340e+00
2.745145076210230961e+00
8.591097175938920971e-01
-6.684629992906940821e-01
-5.523592477062836181e+00
-6.571354254303722442e+00
2.547219313845588751e+00
4.656785687473322000e+00
-5.001588449071849851e-01
3.794047384451110005e+00
-2.327197560312022517e+00
6.854576459616721351e+00
4.941389166102012620e-01
1.007800438167944845e+00
4.483372397478534666e+00
1.026312070599334092e+01
-9.509595245685409370e-01
2.450656450068823489e+00
6.699168765538221493e-02
-1.144444368642000054e+00
-1.546607401811322946e+00
-6.461752129845121040e+00
5.461209103202092408e+00
5.950741648120603244e+00
-2.391788220969794487e+00
-1.602763235551094567e+00
-4.677103048279746211e+00
-1.544837773806870151e+00
-1.224235387927272267e+00
-3.332267488746824546e-01
-7.298310218054761656e+00
-8.715816467262116340e-01
-7.716809319656650956e+00
2.812424874787195606e+00
-1.038603705847946479e+00
-3.423851459599774216e+00
-9.698852323700555278e-01
4.935393633996219442e+00
-6.851688982089430002e-01
4.523294725991762633e+00
1.906523516472912849e+00
-3.730500068680842496e+00
1.331837612222504408e+00
7.378696547724636012e+00
7.606131892788773330e-01
6.618259582826480525e+00
-3.031340651249788021e+00
-2.629132093169285866e+00
1.402515131954370053e+00
4.703053468596491093e+00
2.688833896321670136e-01
8.127181666264213789e+00
-2.482345159691543568e+00
1.903593026800286969e+00
-3.849211932647049750e+00
4.906842930293500160e-01
3.627872864719553281e+00
-2.372647916217980324e+00
-1.631326750782731372e+00
1.895861118413875612e+00
1.777274738024107847e+00
-2.828688177793153180e+00
-1.843256199055331113e+00
-4.070348070929143525e+00
-8.074971974546976128e+00
4.125356418196742148e+00
-4.870472053326190931e+00
2.498551648902350486e+00
-5.145944036462648974e+00
-7.545241482866620331e-01
8.004890828147466664e+00
-3.616058610835079179e+00
-5.536436767406016646e-01
-6.992214443719402261e-02
-4.998326007897752277e+00
2.810080832063149181e+00
-4.109496537346596590e+00
3.939436754370020832e+00
5.412858993058788926e+00
3.689779527757882427e+00
4.678489051579139968e+00
-4.089665086228573720e+00
4.196021207353863858e+00
-2.473129815765096495e+00
2.302275336661107730e+00
-3.250529472107818840e+00
8.586451308223186363e-02
-4.489169539139165721e+00
-2.658884658140233448e+00
-7.560578517974750334e-02
-3.296350726616046778e+00
-1.511184070243829503e+00
2.822641183655640873e-01
4.084768801480130662e+00
5.703404364886820233e+00
7.930245498243334579e-01
-3.204888030270825805e+00
9.462010709574510514e+00
5.437049047450258854e+00
-3.701663569532136044e+00
1.229824356813443842e+01
7.117327093634971291e+00
1.849571706969910245e+00
2.338676258560367316e+00
-1.016925463813764807e+00
-5.898633303508471037e+00
-1.792991691440146251e+00
-2.932062085501906612e+00
2.350831456373288830e+00
-1.265070952008225547e+01
-9.729188644583683043e+00
-2.933743290071758825e+00
-1.194088889148581023e+00
1.731949742010474580e+00
-2.505580303060696679e+00
2.710495890378171513e+00
-2.646832307003809337e+00
-3.271218624397671082e+00
-7.764045465494533005e+00
2.694418313933362175e+00
3.955310452782944797e+00
-9.301371901794787123e-01
-9.535630836187403148e+00
1.762225183068076184e+00
-2.128767125642391900e+00
-2.901053148295171802e-01
7.333467970888005283e+00
5.148918955148356957e+00
-6.432170066552760357e-01
7.268398571667455954e-01
6.858210101973802431e+00
5.096576593790251408e+00
-1.290320575112718693e+00
1.268957047876661637e+00
-4.697670954818438993e+00
1.429629718633381064e+00
3.970960614021394441e+00
-4.094496843458974134e+00
5.910250099989277084e-01
-5.739470917943564565e+00
-6.207148652080209494e+00
-3.374606599922907346e+00
-1.275303449914731324e+00
1.655220391361011956e-01
-2.878603280420422017e-02
-1.691941495859703659e+00
3.249472005272169728e+00
6.547541706594386390e+00
5.062751037334307647e-01
5.587609207554121937e+00
-3.888403146408390576e+00
5.125384380169354159e+00
-3.814769212467380655e+00
-2.405481539993076456e+00
1.097358047062819031e+00
1.356173419790843715e+00
-3.202942143624407656e-01
2.428382375140916150e+00
-1.107920220883339413e+00
9.283303652114658355e-01
2.802973654703001305e+00
4.792967111466185592e+00
1.874214154823870881e+00
4.717225005827791584e+00
-1.144106365901262023e+00
2.757445852981645462e+00
-4.576785700430018977e+00
3.067303708140650897e+00
7.586604561061740526e-01
4.849466480166419124e+00
1.955473896450945270e+00
-3.813365933496964288e+00
-3.066759416033262298e-01
2.332171601249330983e+00
-4.404625710452683585e+00
-8.775419362161244408e+00
4.619006058696677464e+00
-7.266884448744520775e+00
-8.857486438281607644e-01
1.045295495651167972e+00
-5.894203775024264402e+00
-2.614084782734884094e+00
-5.626733888520927707e+00
4.704021262673305337e+00
1.030117084024519736e+00
9.669984352831990648e-01
8.578175145521576006e-01
4.158659505929665379e+00
3.632484126791179491e-01
-2.440767784756689984e+00
1.426822839908849616e+00
-5.976883124271195946e+00
1.618435986251552050e+00
-3.160451311212043368e+00
2.915077122606607674e+00
-1.417959766848375658e-02
8.705713634682803459e-01
3.143971443182036918e+00
5.554929069529046970e+00
7.828780644577056691e+00
1.499548282281572276e-02
-7.841901870738473335e+00
2.030150225726967683e+00
2.315964645637295316e+00
1.823823952976377560e+00
-2.419927964306240575e+00
-7.909581193486829420e+00
-2.887659900965111159e+00
-1.103893373991245097e+00
4.849702431556957904e+00
-3.726799294988429878e-01
4.480033420900739749e-01
3.064030289531903595e+00
2.376938343059579850e+00
7.727276440483368258e-01
5.445556276348180180e-01
3.327001527164110684e-01
-1.996987980788170081e+00
3.172952425830682377e-01
5.267577934345377244e+00
3.430547445646356497e+00
