4.850431489584047240e-01
1.757236650829389069e+00
3.296116134198852077e+00
-5.221214772792888148e+00
-2.500656061740782476e+00
-2.112865015742378283e+00
1.059516000571387950e+00
-6.216919137306109455e-01
5.582583656549274131e+00
-3.397935932001665993e+00
-7.949194501030155680e-01
-5.529982677753254805e+00
-3.730269098282652962e+00
1.676936797023068360e-01
1.186741057640083863e+00
1.179259507405046037e-01
-3.254683436212360448e+00
-2.061818742979625974e+00
3.018863226787789511e+00
-3.245011196786539376e+00
-1.121020717350757590e+00
-3.645884034749867553e+00
2.975863408658459441e+00
-1.596763225642555240e+00
8.620557917615935262e-01
-2.101102090787103194e+00
-3.208336343144959635e+00
-8.722526965500621010e-02
-2.241329636408157189e+00
7.006602197422727718e-01
5.869655832419587993e-01
-3.652479174441462195e+00
1.136932050455117471e+00
-3.700822393364956220e+00
7.027141229228915931e-01
9.146945402658398505e-01
1.232370388958334839e+00
1.049244066053874214e+00
3.139507253806874121e-01
5.287523243054615962e-01
-6.056690959505801608e-01
2.355814452538848247e+00
4.979692246070856143e+00
3.216922292440853592e-01
2.359874638026560056e+00
7.976058821275388011e-01
3.687310570740979454e+00
-1.067214598915053214e+00
-2.580023492750538328e-01
2.236878816916894941e+00
1.497086379126444378e-01
4.643836308688704673e-01
2.842747249484514072e+00
8.619981452298503655e+00
-2.956591291473945837e+00
2.073522571064212450e+00
-2.585798894383632085e+00
8.015492857077340938e-01
1.845032691587793483e+00
4.881530194267016398e+00
-1.782921869574963791e+00
-2.153227099699557834e-01
-8.161374629917292900e-01
-4.341951477928268632e-01
3.385012452799582849e+00
4.310869111846382218e+00
-5.750042011596681490e+00
-1.351449975182953400e+00
6.615523480012663882e-01
-1.180634949848523796e+00
4.426886254276269916e-01
-3.503528889487276921e+00
1.572669119753103084e+00
2.900123798291888155e-01
2.675892533409920837e+00
-2.212810438862177431e+00
1.841531978678304093e-01
-4.454159463981259393e+00
-1.042797724040839924e+00
5.452505014246988857e-01
-1.090882120218934492e+00
1.335135201044988396e+00
-1.717338699239469579e-01
-2.821615313951170378e+00
2.118984084602489881e-01
2.316011665658599838e+00
2.078538122873757388e+00
1.278892638852945629e-01
2.710184570700246987e+00
-1.260840925268536861e+00
-2.306302875083847681e+00
-3.113701568494532168e+00
3.481476928139541016e+00
2.512879399534847735e+00
-2.421038970147099789e+00
-2.144472043959418706e+00
3.349908779840505613e+00
4.910936978922249452e+00
-1.453345348004993154e+00
3.490073079539588896e+00
5.800642638823749753e-02
1.815161822434790295e+00
-3.057722756481397575e+00
-5.797714764130886822e-01
1.242933447725531604e+00
-1.793976217505063309e+00
-1.370968753776412363e+00
-3.048134907312620712e+00
-1.651826008958177550e+00
3.019008302851875047e+00
-1.054022286159431943e+00
1.786865042748495336e+00
-4.275170328015740928e+00
-1.192768671473112274e-01
1.657485738300319644e+00
2.670526744007077014e+00
-1.445348376760743569e+00
1.370276797650880618e-01
2.303549586175264619e+00
5.321894464536847114e-01
2.828641901468075481e+00
2.074432484926421072e+00
-5.018402961125536521e+00
-2.929288190598634323e+00
-4.003214717093087849e+00
-6.596242439556276871e-02
-4.437115386445976029e+00
1.117730284390632711e+00
-2.827300415985028348e+00
-5.379596167256563977e-01
-1.233741420120217036e+00
2.924697982594959278e+00
-1.060057308399781739e+00
9.614897749954379735e-01
2.996282460820163696e+00
2.964667435490002667e+00
-2.632796380133351377e+00
-1.250643268591732360e-01
7.978354344600544490e-01
-1.094039135795984663e+00
-3.007301354405517380e+00
4.042435453491572517e+00
1.243914351832537069e+00
1.802638771534107898e+00
-3.035624263458720939e+00
2.118426879555074027e+00
-3.731620090795830791e+00
1.486803384881880685e+00
1.831824444983237710e+00
-3.153014449780763839e-01
-9.760348943133223543e-02
-1.580801174224782280e+00
-1.816330633367924330e+00
5.406480817436193576e+00
5.470280046404011998e+00
-1.070006453924092771e+00
1.175350535364845239e-01
4.432753427798623136e+00
1.883274612514024282e-01
2.973652239944652997e-01
-2.611551172302531754e+00
2.539240236507083193e+00
-2.789885212665486947e+00
-3.236204206435699504e+00
-3.545252861879617523e+00
-2.760422582132322056e+00
2.982868529642404454e+00
1.660929186398548918e+00
-8.041030387521528322e-01
7.428763016821886556e-01
-6.377606198495201717e+00
-3.483849879729625343e+00
-6.041907246693748457e-01
-1.347599991751653681e+00
4.492438226068347973e+00
3.445004024335957205e+00
4.985672677094418859e+00
-2.128065726682922154e+00
-1.979038408812316518e+00
-4.860890138774554003e-02
2.495412914719635111e+00
3.693575429072613936e+00
-3.762712740417419877e+00
-5.658968122571219617e-01
9.878190394162276178e+00
2.144293124180552734e+00
-6.241650620935065064e+00
1.239424675738560744e+00
1.353299196642156810e+00
-7.185260562728752465e-01
-1.704890592590253551e+00
1.422479815285639493e+00
-1.167026515612384463e+00
-1.734309279147754790e+00
-1.314659870283693355e+00
2.862625352847565807e+00
-3.037232052991713172e+00
2.890074474263011339e-01
-4.522503179494249181e+00
1.227828714639973784e+00
-2.457919361662254332e+00
-4.790792169324972427e+00
-2.458233128715057170e-01
8.867147703303914774e-01
-5.137975827878376034e-01
-2.085663314881535779e+00
2.348588990349131933e-02
1.466041118528473852e+00
2.749516569328244397e+00
-1.437168000751279706e+00
-7.216335339650243874e-01
-9.648106406319767459e-01
1.382114186724571869e+00
-3.522544027512970022e+00
-2.196023732134927409e-02
9.035039614674701403e-01
-1.423098053050273482e+00
-1.688514061055250703e+00
5.979267604937245073e-01
5.862549313061394152e+00
-1.448236313340278913e+00
6.090634212328991381e-01
-5.377079090820695573e-01
6.482989627612991690e-01
-1.620210733655564450e+00
-2.639959293968795251e+00
2.771651925073618905e+00
4.447476784094883118e-01
4.206145156008030739e+00
-4.972599480718049580e-01
4.276295941035455961e+00
2.975268751127110534e+00
-4.306509244230745992e+00
5.237788201461608395e-01
6.752836163927076196e-01
-3.552044102628452826e+00
2.277356168358160904e+00
-3.365644684188247582e-01
-1.327115118522221859e+00
1.183121285570304382e+00
-5.969677952433545265e-01
-2.960594351251335521e-01
6.004741121011425875e+00
-1.066641122513047435e+00
-4.598507430575982546e+00
-2.716643573777725251e+00
-3.217885063126264544e+00
-1.444539185788586533e+00
3.692153375508838486e+00
2.184545472688435908e+00
-3.511429952918887043e+00
-1.081384037012378174e+00
2.027880917875790612e+00
4.038992571289917066e+00
6.138447080276671741e+00
2.522769005499123640e-01
-1.730570050879665311e+00
-6.865098824399316069e-01
2.208157351685270608e+00
3.745619478898649657e+00
2.518776163237965271e+00
1.798108171490670371e+00
-1.603398871269744230e+00
7.983132609741280250e-01
3.916751319349611737e+00
