4.367908894800307529e+00
-1.513444007068224462e+00
-2.065212985409157298e+01
-2.422838942638008586e+00
-6.572631159668162582e+01
1.746348798665191282e+01
-1.715352221518784859e+01
3.234591158408389333e+01
1.579641854889703723e+01
-7.652915486982538823e+03
2.055487887430439198e+00
2.944538281221915099e+01
-7.790911355548337269e+01
-4.608683529930180711e+00
-2.245213891700667830e+01
1.376354356425533076e+01
-2.640899939152344444e+00
-4.124270527308121359e+01
-2.050429497236959264e+01
4.337265734293070096e+01
-9.453531118934421329e+00
-1.149142174421137241e+01
6.806847661750388134e+00
3.659670116215003155e+00
1.975355045377595076e+01
-7.664142170368021034e+00
1.255570442134218112e+01
1.473524933333861497e+01
-3.249489644003877409e+00
1.208013576420323488e+03
-3.262633829418985698e+01
-1.082348425978981510e+01
-5.036404106501719724e+01
-3.305251991139630974e+01
-4.970523842464384074e+02
3.794221112248146177e+00
-2.668252127106088278e-01
-1.822947268397693961e+02
1.566781485998550494e+01
-4.556762040129407865e+01
-2.311393177048137559e+01
-1.504134101610824992e+01
7.621782763577482633e+00
-5.100094673189690120e-01
4.370835544779946069e+00
-4.065165505199852092e+00
3.820702478250320944e+00
-2.797121679024280638e+01
4.307571428242677136e+00
-2.117669163635525820e+00
-5.772049511023524104e+01
1.552391702836538556e+01
-6.041279708540095994e-01
-8.798041867479872735e+01
2.453915338965341419e+01
1.168633429354810893e+01
-1.136951410190099310e+01
-3.655826211293555872e+01
2.451915930355870898e+01
1.290120106698202029e+01
-2.646212658393808681e+01
-8.333990313256714799e+00
-3.593646206016558597e+00
-5.392465687789785989e+01
-5.686581768955125682e+01
4.731692197559411284e+00
1.446638538170820709e+01
2.399434884612002250e+01
-2.041076478139175165e+01
3.041507012603310045e+01
-4.208086294179338438e+01
-1.097285817529900420e+01
-2.496525707502657951e+02
-1.338857915312175351e+01
-5.486448778812471616e+00
6.899977076729699732e+00
1.640443537670979834e+00
-1.754522989214494899e+01
-8.649666900345428511e-01
-1.044929990468453980e+04
-1.439073092314111157e+01
-2.219040550180165283e+01
4.094625438791252847e+00
-6.553524950391367732e+00
2.703705180307939671e+01
4.005771301296120690e+00
2.980279892914265005e+01
2.901266818977905260e+01
4.495592665687995293e+01
1.364327308839753528e+02
-2.703710694199569886e+01
1.908529112549452478e+01
1.160009768022989363e+01
1.076352563165033871e+01
-1.068365798872278205e+01
2.237825225565342180e+01
1.957088895182950949e+01
-1.234470630535467848e+02
1.649881668162886506e+00
-1.321514335476053148e+01
1.015020696094276031e+00
-4.353449769162136107e+01
5.104592612603685353e+01
-3.581952071017269645e+02
6.396421251455778112e+00
5.626986522554200398e+00
-1.647643812830807164e+01
1.290384450025956085e+02
9.717125495313618799e+00
-8.510320967177118234e+01
-1.207895171737868338e+02
-3.802028138813138280e+00
4.361940149611633899e+01
7.869158950073763314e+00
6.537587010871480686e+01
9.611077098810478780e-01
9.168835283877610820e+00
-1.150914212244051171e+01
2.055799950596879810e+01
-1.182801062751361698e+01
-4.523821965641497966e-01
1.182488945398541702e+01
-2.246010190786234162e+01
-1.894240335227582861e+01
-1.138228391179358994e+02
-2.634518260053364536e-01
1.655154653763795025e+01
-3.138774364887175850e+01
-2.527610427521471337e+01
2.933427463690887649e+01
-1.475691147765714284e+01
-2.916340582036789364e-01
4.187201405219388661e+00
-7.312359304979639774e+01
-1.822589251977970193e+01
1.553819225261029580e+01
8.084853266604404842e-01
-7.714439329841638937e+00
1.109626676618647423e+01
-1.426508697813688542e+01
7.812764736355893547e+01
4.572971886958099752e+00
3.943967514760467452e+01
8.355591454110125937e+00
-3.476830906153794132e+01
2.025039537764890341e+01
-4.901001760370058236e+01
-5.741691924643794742e+00
9.332855476302702513e+00
1.943547529427483056e+01
-6.936203353648843439e+00
-6.505029901209056220e+00
1.710268541280147714e-01
-1.118912877933784955e+01
-5.421001037958571089e+01
1.101811328931862377e+01
2.221181277860459957e+01
-2.605104575503147224e+00
4.390415533830232420e+01
-2.211838621813628336e+00
4.412416508927898384e+00
9.979157704674790352e+00
-2.572804863717898272e+01
8.410032495225999583e+01
-5.704107119097894252e-01
-7.403047151864361020e+00
1.930958540135148116e+00
-1.005140781419808560e+00
1.924948163583764327e+01
-8.479480139647760950e+01
-2.499000073337634298e+00
-1.263867450530761438e+01
-1.540170705725982181e+01
2.829473843833940450e+01
-1.118815723426279973e+01
-4.629537321201178912e+01
1.254841055363596070e+01
4.234055908212719377e-02
1.286957272212237946e+01
1.087768482992381109e+02
-3.729103297053582367e+01
3.048442707205540891e+00
-3.252721601397723106e+01
-5.970587411996239879e+00
-1.255209267299221096e+02
-4.296788534425008521e+01
9.419410157699074304e+00
-9.698374154731663310e+00
-3.809322869898741715e+01
-4.503304451849729730e+02
-1.554324587160184556e+01
1.386835895763953452e+01
1.410246316747520190e+01
-4.447151673810745720e+00
1.282716694793712975e+01
-2.785866997562326830e+01
1.196463155078834362e+01
-2.778175097826213147e+01
-2.023122799953151585e+01
-6.272381352420176803e+00
-3.203302378534259365e+00
2.150684781824124769e+01
7.622136636652667718e+00
1.225886485647362889e+01
-5.216655090619097734e+01
1.123123188986370202e+00
-9.564584019824895478e+00
3.121668038377305265e+01
-3.691886934939513054e+01
2.043501500089490037e+03
4.760950266100353323e-01
1.068617537449170385e+01
4.438168728160195364e+00
3.505200856137621201e+01
-6.817695540913672581e+00
2.109724646197650344e+01
2.821523951325219937e+00
-5.346105548585792633e+01
-5.606755068596318559e+00
4.896272735527935183e+00
-1.122492992119199728e+00
1.417649281581621601e+01
-3.284027928289639853e+00
-8.053872573061170215e+00
-1.578241302954200975e+01
1.436514911684565554e+01
-1.404691357651052108e+01
1.466695642337742584e+03
8.051546521479050256e+00
3.123216213854727741e+01
-7.473879819384360523e+00
8.729132676789708611e+00
-9.318943224821875049e+01
-1.314580504063217781e+01
-1.118602722583368703e+01
6.929052572389035034e+10
-9.832248655660718839e+01
-5.022508096956859180e-01
-6.534066300114181658e+00
1.163523339147059765e+01
-6.572888214551695363e+00
1.106803584487658654e+01
3.489004521950447923e+01
-7.836213683224487525e+00
-8.358030326552862377e+00
-3.251739941424366265e+01
-1.774501519191978360e+01
-1.010606070328789663e+01
-2.162891794096523057e+01
5.580373742132522352e+00
-1.882537478451599711e+01
2.135989081924368804e+01
-1.573540732274598142e+01
-9.575489087146744183e+00
2.644428495776127708e-01
1.302471548947750613e+01
4.407384629641367013e+00
1.704256401122533049e+01
-1.308415327807060891e+01
1.952756234103492261e+01
2.176359277047977514e+01
5.291489908162739653e+01
-2.372397642227840890e+02
-2.291230068501179318e+01
1.795819401261766046e+01
