4.310243294432570593e+00
-2.637831953521369233e+00
-2.147512454361520184e+01
-2.275818378095035843e+00
-6.618429103303715522e+01
1.746348798665191282e+01
-1.715352221518784859e+01
3.129241320675494364e+01
1.551700979189788399e+01
-7.653262767052250638e+03
2.055487887430439198e+00
2.819617171900108588e+01
-7.816671292824707962e+01
-4.440561188821648742e+00
-2.110802418375558531e+01
1.207687259968059834e+01
-2.640899939152344444e+00
-4.033354885579292670e+01
-2.109648255936030736e+01
4.631569778873396359e+01
-8.687293776898272313e+00
-1.149142174421137241e+01
4.800566854006444117e+00
3.659670116215003155e+00
2.182397898598269492e+01
-7.664142170368021034e+00
1.229305700685691782e+01
1.602020782546219024e+01
8.070401673114334651e-01
1.208738346407880044e+03
-2.825365367691382446e+01
-1.157588171048486281e+01
-4.985070451868451613e+01
-3.533797533264804258e+01
-4.991013932916240492e+02
5.374642294570314505e+00
-2.668252127106088278e-01
-1.816899848073816770e+02
1.422706968789536042e+01
-4.294561317887016827e+01
-2.268470024247210048e+01
-1.248312683908717702e+01
8.967358238821390160e+00
-1.744964368664268184e+00
2.011353717620076864e+00
-4.065165505199852092e+00
3.820702478250320944e+00
-2.694900316859063238e+01
1.216874872707393695e+00
-3.960309994716188609e+00
-6.123291846742789346e+01
1.546108373793017066e+01
-6.041279708540095994e-01
-8.458721057215011285e+01
2.114047311384761940e+01
1.179134411587247300e+01
-1.137697834397352281e+01
-3.710430945064062058e+01
3.005191538942827378e+01
1.445181804694991357e+01
-2.997235712451931278e+01
-8.892347045575856868e+00
-1.244590638792696158e+00
-5.256841093841330803e+01
-5.768590931472219552e+01
4.639500130538579015e+00
1.438757386518842374e+01
2.124770238741553641e+01
-2.085689976538198209e+01
2.814012905491363625e+01
-4.545425263141681427e+01
-1.086362001563980861e+01
-2.478653351881441154e+02
-1.102153084547702733e+01
-9.527913821390474602e-01
6.308484598182375613e+00
1.640443537670979834e+00
-1.320050777873510128e+01
-3.897886447684333899e-01
-1.045043652805700185e+04
-1.483487961966451607e+01
-2.209742889675101196e+01
-1.298839415873784375e+00
-3.819572202152016427e+00
2.859428293158085665e+01
4.005771301296120690e+00
2.980279892914265005e+01
2.821808234350127620e+01
4.368705924375549898e+01
1.385004079411055784e+02
-2.359709044645746445e+01
1.773004118349051694e+01
1.447432435144281193e+01
8.168063431469640534e+00
-1.295682889900426282e+01
2.273670045047866139e+01
1.964381807741986563e+01
-1.204258345050237153e+02
2.602340256121539186e-01
-1.581025819419804535e+01
-2.167090394904508166e+00
-4.350178337985393995e+01
5.124283997530945101e+01
-3.589854829719999998e+02
2.805108687489562769e+00
6.011917527378185966e+00
-1.647643812830807164e+01
1.290660081988621641e+02
1.113134380685397140e+01
-8.540086246697013905e+01
-1.222850586755325537e+02
-4.451495787516444480e+00
4.177392138657588561e+01
7.827975806356017863e+00
6.323141268818436345e+01
9.611077098810478780e-01
9.074293300973597098e+00
-1.088462584327525384e+01
1.935015144905703366e+01
-1.140589569636279599e+01
-1.694424025852114823e-01
1.130909954884615765e+01
-2.055101434387700721e+01
-1.924553392034530219e+01
-1.144474706522169356e+02
-2.634518260053364536e-01
1.674164503483383371e+01
-3.203760681913094288e+01
-2.072423252483607925e+01
2.866614924391729247e+01
-1.610218187496985465e+01
2.201057496031936900e+00
7.267384641388789035e+00
-7.270708898150363098e+01
-1.896495128631078941e+01
1.471266455265129913e+01
7.507491768806383581e-01
-8.322779409531095851e+00
1.230224315609465258e+01
-1.396158766868783019e+01
7.254215768153370902e+01
4.338115428982381339e+00
4.028515585091994922e+01
7.277261398340336029e+00
-3.507639396512551855e+01
2.025039537764890341e+01
-4.884142750275100298e+01
-8.206567653635509885e+00
1.143693132080063890e+01
1.741386116571433007e+01
-9.152120294635302855e+00
-5.302403870232542893e+00
-1.648620268159251667e+00
-1.005455803268979764e+01
-5.986433823429773327e+01
1.101811328931862377e+01
2.219500169553738900e+01
-1.549079566885619430e+00
4.642851180147907542e+01
-1.547141567327921630e+00
1.222559687838964848e+00
1.073170949481030334e+01
-2.357520286655044472e+01
8.197865346129836439e+01
1.146417963283677816e-01
-7.403047151864361020e+00
1.930958540135148116e+00
-3.032658147031027096e-01
2.053735965184979406e+01
-8.473080608662662883e+01
-4.907048229316454346e+00
-1.263867450530761438e+01
-1.548358471889161692e+01
2.796966115316887525e+01
-8.026220157374277520e+00
-4.696466143279314309e+01
1.254841055363596070e+01
3.170904065217001744e-01
1.257781867334022685e+01
1.078317418521360338e+02
-3.675702142793009131e+01
3.048442707205540891e+00
-3.411227310550073355e+01
-3.540676278415339606e+00
-1.236189527184316432e+02
-4.325887452320049675e+01
9.419410157699074304e+00
-9.139322689610400730e+00
-4.078870791648780880e+01
-4.491608017102185499e+02
-1.647837652671070430e+01
1.372736635832422891e+01
1.289192387967409026e+01
-1.267344763195336732e+00
1.724698005796176759e+01
-2.747310434350831088e+01
1.196463155078834362e+01
-2.784392784037096291e+01
-1.628290498755845306e+01
-6.171446675409926641e+00
-7.249319939340113983e+00
1.960012245824425037e+01
7.430120463014141308e+00
1.218314952503362569e+01
-5.407611756353794163e+01
1.123123188986370202e+00
-9.564584019824895478e+00
3.324746801264316787e+01
-3.645723679303706888e+01
2.046926125381203974e+03
8.938414951027796596e-01
1.068617537449170385e+01
2.203384833281285538e+00
3.531017514278549640e+01
-7.984027725318830093e+00
2.256775335507010638e+01
4.133232836149716150e+00
-5.380217768810677370e+01
-4.219756740259491323e+00
2.027161529377585314e+00
-1.130394991424494844e+00
1.464661627530479393e+01
-4.365594248603924754e+00
-7.369952459523180011e+00
-1.578241302954200975e+01
1.535272839072608697e+01
-1.308932849629047013e+01
1.466755166918498844e+03
9.970990803936468083e+00
3.461274931373312569e+01
-7.092744920416028442e+00
8.777286160709403262e+00
-9.241828300391937034e+01
-1.167404494566294915e+01
-1.179189312307917348e+01
6.929052572825636292e+10
-9.836387595959160990e+01
3.544459277968170507e+00
-5.409442078470671156e+00
1.087351111698030515e+01
-6.463998905960832708e+00
1.098750207534278189e+01
3.635174551630355921e+01
-8.131265341560007798e+00
-8.257241018755518525e+00
-3.251739941424366265e+01
-1.785862655262968701e+01
-1.124575352587451960e+01
-2.202782062417436748e+01
5.580373742132522352e+00
-1.940204480492172223e+01
1.666381975345918320e+01
-1.750503592442506573e+01
-9.910435829831703458e+00
5.396717438153663338e+00
1.234999807150444262e+01
4.601434380763350873e+00
2.002025456880654275e+01
-1.285337446087562263e+01
2.049697284842604716e+01
2.253593071762237088e+01
5.763177229409814828e+01
-2.378951844297749858e+02
-2.347455537501567235e+01
1.972000761249980627e+01
