-2.005462805083343181e+00
-6.626318903165998364e+00
-7.075506609480462394e+00
9.079257644403940120e+00
-6.369349920289033662e+01
1.541547199249721700e+01
-1.347880694068990870e+01
2.451005865436992615e+00
3.594480711618947666e+00
-1.222375448256293312e+06
-9.610268257902587763e+00
4.247876870701826135e+01
-2.259480661732085061e+00
-1.555495072672752555e+00
-8.320694349666153400e+00
7.281343960676228022e+00
5.955665984023699622e+00
-2.771319482690847380e+01
-1.576158977832720431e+01
2.533219557639926279e+03
-5.062523492536907810e+00
-1.314156915556593930e+01
-2.561345800860750046e+02
3.406275533439011838e+01
-3.842378445729630698e+01
-9.113098906909868901e+00
2.058236474840929731e+01
-7.839460513610067210e+03
1.616341384575550766e+00
-2.499487345033442398e+04
2.645351531871263262e+01
-6.232901700989513571e+00
-1.680885233018782898e+01
-3.135573722190201451e+01
-5.871800929117400614e+01
1.189453451256443195e+01
1.257047754843236831e+01
-2.919278432332719149e+02
1.068853295443615679e+02
1.998798954780604618e+02
-3.634843381251217664e+01
-4.503040492696844588e+00
9.538877090168782047e+01
-1.144703308058362268e+01
-1.019521234051390906e+02
-1.957936884126665888e-01
3.821118091435126818e+00
-6.401884009679283061e+00
-1.836424737853066702e+01
-1.394210182292547673e+00
-1.168905619153835858e+02
7.628452979728099770e+00
3.010091197400374785e+00
3.862356793761843932e+00
-8.465836050432585580e+00
1.968561985847091833e+01
-8.716991521172909430e+00
-2.561087758456615688e+02
3.129817557737085849e+02
1.577611386449337033e+03
-4.729526496811312973e+04
6.971252480160455844e-01
-2.198697827030707685e+01
-3.258884790002334597e+01
-4.133707996176674897e+03
-7.633041395159139597e+00
6.484441410116228433e+00
-3.901785810465977988e+02
-5.455018397287398901e-01
-9.464087791739224542e+01
-4.766887847077960316e+01
-9.015179846790935869e+00
-5.602280574793419419e+02
-1.334043153948735849e+01
-1.584859573612162364e+02
-1.372164703716414635e+00
-5.629943966044932857e+00
-2.650577042067452371e+00
1.270050381059203026e+01
1.989574870438884924e+00
-2.443219121970745977e+00
-3.010061268008026403e+01
-1.697588830831783753e+02
-2.174237236341348023e+01
-2.862471712189890738e+01
9.710123172520669366e-01
2.870303379765019969e+01
-1.496175600921482783e+03
4.968556283913447658e+01
7.428266046899417415e+04
6.146133331658002419e+01
1.973690755696848598e+01
-4.523178820027939651e+02
-4.147719200630863412e+01
3.553019871024116583e+01
1.125905880012484062e+01
2.053304700777492897e+01
-7.310197241329115059e+04
3.259219710891750221e+00
-1.485139657410634140e+00
-2.442083758715231170e+02
-4.612626476790923391e+01
5.535683916471931809e+01
-3.347291693651573041e+02
1.337996270670646304e+01
-8.221195981493440996e+00
-1.264315589000890050e+01
-1.145479882835128112e+06
-2.687341776754141320e-01
-4.268223338409855572e-01
-1.467264262402670454e+02
-6.549063960588486388e+00
1.850692361259091756e+00
5.763511804325954557e+00
7.476920149332087021e+04
8.094937258405273894e+00
-9.590736452892569375e+00
-2.305610957737766967e+03
-1.527884930231051612e+02
-2.533190309133116713e+01
-2.223651182004661564e+01
6.389070728036721825e+00
-2.805988451987829890e+01
-8.988930329989505807e+00
2.267540249306035705e+01
-9.941139026247814314e+00
1.968967611885587132e+01
8.575186506002426157e+00
1.754553328012888613e+01
6.793185457736050012e+03
-4.205740314522531165e+00
-1.857519120517520106e+00
-2.877080353324168627e+01
-6.065158459517749634e+01
-1.942327099204551999e+01
1.071178445688410186e+01
-1.146504597967259187e+01
-2.847107354029664084e+00
1.137917059287111776e+01
5.305416913838115534e+02
3.455263315737903440e+01
-9.866660662397945813e+00
4.224561971469461241e+01
7.178727354779928405e+00
-1.251928929900560901e+07
1.996260046485819828e+01
-4.790746251886066176e+01
9.047082722416674438e-02
-1.206027899424858241e+01
9.587232281178490467e+00
2.118840298158794724e+02
-2.394813063187468227e+00
8.142055556481634371e-01
8.241391473580709004e+00
-2.816732196042838405e+04
2.375358073390082225e+01
2.629590908613059952e+01
2.997440078481911883e+02
5.050913087402391284e+02
-6.867527270636628568e+07
2.173838332040521237e+01
4.305080132766646805e+00
-6.091107246715250056e+01
9.827512477613367992e+01
-2.086003127949395974e+01
-1.759081385111523010e+00
7.792307140642297014e+00
-2.389381089817581127e+01
1.484831149001171369e+01
-6.593712069829310349e+04
-4.302172027849934799e-01
-1.426686277924712343e+01
-9.353240592663947250e-01
2.249348507784934892e+00
1.459624252433496760e+06
-5.209906641488890244e+01
1.024875741109599936e+01
2.034705769167159772e+01
1.812968285843235705e+01
-9.536174290230644401e+05
5.133856980302756767e+01
1.120289082314191198e+01
-2.420704617442700055e+02
-1.904742482136335457e+00
-9.434033795170955273e+03
-3.085322338102992745e+01
4.536359280681120154e+00
-1.074493339158041465e+02
-8.649693463138978800e+00
3.728088060534186752e+03
1.696454728432100367e+01
3.889714612850922038e+01
9.241168873888379665e+01
-5.537784669163947626e+00
1.269452601664779223e+01
-5.694866458174973722e+00
8.406717432429765324e+00
-2.032085187040211238e+01
5.618776668935456797e+00
-3.390065356377635617e+06
-4.405946551479377860e+01
5.199743402993870056e+00
1.318217132118293193e+02
9.399999528335705179e+00
-6.849757417157579908e+00
1.648723094043150539e+00
-1.315363226883609826e+01
-6.243303009764294131e+01
-1.961988790598352068e+02
-5.591233018427175557e+04
1.066526016357761897e+00
3.077377549336823837e+00
3.877301976508449144e+01
3.656403838000588280e+01
-4.000421006789866674e+00
-1.113641931223397842e+06
1.080295638204082032e+00
2.095650914651115272e+03
7.000964641067617400e-01
-1.147835946761738057e+01
5.180152555547105742e+00
1.856105468083391941e+01
1.001060992152754459e+01
-2.196764584766770501e+00
-7.323364429758680849e+00
-4.322713872545740451e+05
1.575298921731153268e+00
1.968736307348410097e+00
1.984821319554994261e+04
-3.476134087053742405e+01
3.722092763354011069e+00
2.225737766335489809e+01
-3.102031546452376887e+00
-2.309855408299898372e+01
-9.242599491409853485e+00
1.713687336188479614e+10
-2.018148630858576098e+01
9.583586990296659280e+00
-2.018342544834309490e+06
-2.190469018945372663e+06
-1.645861412189641770e+00
1.457084268605258437e+01
1.134099010513593839e+02
-6.478171940896923608e+00
-1.873156038165974380e+01
-3.846215443322227401e+01
-2.334976450724920838e+01
6.761952886680693098e+01
-1.946923571232758832e+01
1.735365086298170212e+01
-5.620757500860274831e+02
4.476420198480388635e+00
-2.002156936994655823e+01
-1.702405366965916400e+01
-8.139565814767710350e+00
1.937302418020377104e+01
6.532004857550059107e+00
1.514148549177278014e+01
-1.100230377634483325e+01
2.189987715765856180e+01
-1.703329385944457597e-01
4.958482523927085595e+01
-1.654006270889297170e+01
-1.386210300977000465e+01
-7.205449684585283343e+00
