-1.317757811912658283e+00
1.070896654259737346e+00
6.068932799077718654e-01
8.385192205052274805e-02
1.072869836725099946e+00
-6.346458758318662685e-01
9.667395117998500709e-01
-5.839805701480552669e-01
-1.952028308139823087e+00
4.705770438176658244e-02
1.425797725393731064e+00
3.444006262936804008e-01
-5.692122305988159825e-01
-3.331919175103049025e+00
2.075594927763575737e-01
-4.625845363460060478e-01
3.394868252412135412e+00
-1.420374018110174053e+00
1.160841272282165715e+00
-2.515686635679933669e+00
-1.144664340560842541e+00
-3.753111115723575808e-01
1.341106056190054296e+00
-1.457333314510532940e+00
6.320205661623666538e-02
2.067184661562363246e+00
7.102592568188164091e-01
-1.267957899080107032e+00
-3.616852078459654729e-01
1.187538344695337367e+00
-5.914239026996017667e-01
-1.453409380741357504e+00
1.951152721413090152e+00
3.438769569643231439e+00
-3.178299696479462977e+00
-9.800624060161367002e-01
-1.230288977148836116e+00
-8.197117781243675738e-01
1.430171443988360824e+00
5.487602250490279943e-01
-4.032325839646064836e-01
-1.770326886418655876e+00
1.770855852329333624e+00
4.094631746888633961e-01
2.608929024551896791e+00
-4.457570561450699409e-01
1.168803790767837469e+00
1.081539223362197877e+00
-4.742829645583448439e-01
5.652903010285045271e-01
2.151602522809816231e-01
2.867529336453992883e+00
4.777431431408181162e-01
4.520093274440081799e-01
9.894461243469634404e-01
-2.191300806583364125e+00
2.439547852975968567e+01
-9.748425670181801728e-01
-1.708679497629607413e-02
8.911251691316618428e-01
3.360749710333716389e-01
5.986417084100585928e-01
-5.384584948187889353e-01
-8.985107929804488913e-01
-6.679580874708374028e-01
4.141941860725504854e-01
-4.045541984239878763e-01
9.088378968706642969e-01
2.366473382975183615e+00
-1.743680873201844506e+00
-2.409600895591126335e-01
7.211700225052236624e-01
-1.279556125245428166e+00
-2.441362186486500718e+00
2.984243891900586476e-01
-8.985924534920908258e-01
-1.672838855152090520e+00
1.543951239391458952e-01
1.627520247755607219e+00
3.055817068335110687e+00
-8.438432412034033159e-02
2.182574373708414395e-01
6.872926018638310097e-01
1.431298447612215918e+00
-1.087824513564591644e+00
-9.016327157393928537e-01
8.327322649723113424e-01
1.995448030309938892e+00
1.350933979593096135e+00
-6.495366449355514105e-01
-3.192621170466534153e-01
-1.391358800035652266e+00
-9.317297470342672527e-01
1.296549732158617463e+00
-6.221268576594136679e-01
-1.730104972684807452e+00
-1.063320856439971429e+00
1.454258203194661592e+00
4.114814947830521263e-01
3.070862849221995816e-01
2.411525943180286846e-01
-4.627545497931536689e-01
-8.264062536614869003e-02
-6.908266771756110813e-01
2.999502611804900631e-01
1.127575031430487346e-01
1.024567551763075235e+00
-9.157516864890944408e-01
1.379507823032679326e-01
-8.494139857358262713e-01
-4.994225318427087945e-01
1.606795348351315322e+00
-7.229199218946906758e-01
2.179948888256354883e-02
-1.159214270786873557e+00
2.701264058275091862e-01
-1.017093159833708294e+00
1.434205210018303589e+00
1.764484842388984454e-02
2.726576532276927978e+00
9.008406749765309751e-01
3.036155867049872281e-01
-2.900077680613825648e-01
-8.742891088863709026e-01
8.284051070663160654e-02
-3.119206528880457130e-01
-7.219441154602647126e-01
1.852859634694702939e-01
-8.362042924084219786e-01
-3.577290578976582980e-01
-1.748871437909542692e+00
-3.336899893834565090e-01
4.789738787797542807e-01
-1.002077311913390778e+00
1.624915592383838481e-01
-3.053311442635570083e-01
8.113690454146904596e-01
-2.869705504508736627e-01
-9.470482787959402238e-01
7.561102250736084773e-01
-4.666877089814129853e-01
-1.257440964942722339e-01
-5.525217964894948430e-01
-1.054052328626111201e+00
-1.610700225660623541e+00
4.775184298982149134e-01
2.181473346471805463e+00
2.095281654806911420e-01
7.428350382801768292e-02
2.923208225672510943e-02
6.987488900417506699e-01
-5.104631520110727294e-01
-5.663034625354679275e-02
1.069608686875070380e-01
-1.875103621426175704e-01
1.149895645458170357e+00
-1.852486238490912207e+00
-5.045083520785075271e-01
7.864020079393743146e-01
8.723774173899609963e-01
-2.899727609664258798e-01
2.627881048989264556e+00
-1.298323396928974693e+00
4.368386839645416186e-01
-5.410561578473542799e-01
1.855142531886347257e+00
-8.370177022707816494e-01
-9.943317037189142171e-02
4.634527064840914257e-01
-3.069634913111701779e-01
5.666618695960538021e-01
-2.393134392056487147e+00
-9.301890855285342985e-01
1.682655209638314886e-01
9.267770575347691331e-01
1.260470282181817003e+00
7.470827670269711840e-01
-4.469694147234275494e-01
-2.837360205550431558e-01
-9.048047175758657801e-01
-2.124785737294396792e-01
2.385158109987941977e+00
1.678927132131435407e+00
-4.588492989498705876e-01
1.552557677860833263e-01
-4.776834721456804544e+00
-8.091664419021061816e-01
1.157663138029319416e+00
-7.152008929774071877e-01
-4.619567305336713670e-01
3.161309618698993074e-01
-5.031963078033736547e-01
-3.718223590758507058e-01
2.153797565140715076e+00
5.844031365204839235e-01
-8.967159345567468076e-01
-4.257356042061777313e-02
4.997234041042378783e-01
1.137733281521243978e+00
-1.255943660880835866e+00
-5.273106084084484557e-01
4.328053170530926086e-01
8.689135507225592692e-01
7.223463508619019091e-01
-3.777488670832305218e-01
9.472871809380614683e-02
5.693300265250571535e-01
2.149939353596339031e-01
-3.825814021697290790e-01
1.672813426391405400e+00
3.703793262061407243e-01
-6.705307086270289041e-01
1.352271223304928105e+00
4.898557243302070319e+00
-8.238058104702064011e-01
-7.348675413913312582e-01
2.644444047237735074e-01
-1.634505167218097244e+00
-2.364950804715444832e+00
3.295939158796806212e-01
-1.282089951514938653e+00
1.972320109690805026e-02
1.140697864478145140e+00
-5.397750959282527905e-01
7.692592993017066672e-01
-1.879966369768666823e+00
6.885807477461014514e-01
-1.029495149702636336e+00
3.650170813156395355e-01
1.038256528043759452e+00
1.405044218663024758e+00
-3.419188395212827136e-01
-1.272341721956767202e+00
4.549407196606725656e-01
-1.603558370024941726e-01
7.253217034874133162e-01
-2.429262015352669501e-01
-6.736312794212474531e-01
1.178076856754692869e+00
1.572184358794399550e-01
-7.122882890799793199e-01
5.873810265675675213e-01
-1.113403105692582828e+00
1.435661680541715279e+00
5.760422045286147652e-01
1.195653298548637222e+00
2.421559855150890450e-01
7.725866102835375893e-01
-6.658550327840903060e-01
-8.496621772498550440e-01
1.655854066797345370e+00
6.810166327983138146e-01
-9.272343537594216478e-01
1.422161157712913182e+00
-2.443174173633122157e-02
-2.070638777321438972e+00
-4.421164195123691854e-01
-3.654211184690714931e-01
-1.168580182388312627e+00
4.769320036252089334e-01
-3.093460240790305571e-01
-2.812709650256399185e-01
9.328919282672909485e-01
8.960467458071201818e-01
3.414056103184173740e-01
