-3.857160988739769536e-01
-1.464801948344340632e+00
-1.437673937456605699e+01
-1.532534018829872537e-02
-1.626734123245465180e-01
1.312391768534922898e+00
4.898229057694916122e-01
-2.587325651971311008e-02
-1.380351935014414444e-01
4.270179651860387393e-01
6.022681804369344860e+00
-6.252801740133271391e-01
-8.083962222785503471e-01
-9.380393434833354860e+00
-4.542366312501121273e-02
-3.110528950561933925e+01
-7.670118978895631434e-01
-1.622653320320389669e-01
1.141698237795661930e+00
-5.771624279876707009e-01
-9.644957598105896590e-02
1.703277806829922270e+01
6.418064091283377515e-01
8.066836937381227202e+00
-1.954323279670437952e-01
2.775453082806444427e-01
-1.463029900738737343e-01
9.018484776891182442e-01
1.597085953960882154e+00
3.551595942456799854e-02
-5.551293437609088244e+01
-1.597021104292213778e+01
-4.197523737555559076e-01
1.839104326606690876e+00
7.417387839660163351e-01
-6.998059057103468206e+00
-1.731610114228749886e-01
-2.222193143723938391e-02
-5.123675535893068567e-01
6.152742379961125607e+00
4.718397066639923310e-02
-1.086388253313504748e+00
4.071243091633092864e-02
-5.733529832976680396e-01
-1.921863659435487870e+00
1.341211607313780974e+01
3.306605359461968874e+01
5.829558612398955120e-01
-4.039480671585251592e-01
-1.599950505563572323e+00
7.160990676185237103e-01
1.826955942163610569e-01
-2.780521159196429615e-01
5.433346717038528562e-01
2.663394960726712668e+00
5.209747313075300923e+00
-7.556156801495805819e-01
3.397251302243040061e-01
-1.693105223505834145e-01
3.967828479259978280e-01
9.809994985053793748e-01
-5.377819509144794452e-01
-1.371926406864091286e+00
3.821350469575960362e-01
-7.378434365848792753e-01
4.539510021313357679e-01
-8.142687494174812857e-01
3.245369112838922376e+00
-4.907538675157921415e-02
-3.229855138255765395e-02
1.725656965874451609e+00
5.868156985923005386e-01
-8.076724642587667091e-01
2.924262197844282429e+00
-7.853504751487321300e-01
-3.419112915593021995e+00
2.766993300519922649e-01
3.618356925129995183e-01
-3.100240086794637584e+00
7.481710795820106785e-01
4.064254810216550440e-01
-6.212437404582966671e-01
-4.894030002559500714e-01
-2.196227648488999762e-01
9.312858770889894666e-01
2.367969647524349242e+00
-7.280792508435633970e+00
2.792802004978989228e-01
-2.593445465567735253e-01
-3.220123306395461515e-01
-1.126494906372425664e+00
5.135231206984827157e-01
1.152985138072453175e+00
1.431988746236993792e+00
1.626693465178529752e-01
-4.401304015410568704e-01
-2.080920098360226689e+01
8.228625552569929225e-01
3.149380675957265119e-01
-1.327167456395387801e-01
-1.521588975786480336e-01
9.005264296107742816e-02
-3.401360968550587671e+01
-3.979005666736949998e-01
7.959122474483926180e-01
2.424015240899969115e+00
-1.384019574595181101e+00
-5.383673748405722742e-02
2.071152822208290334e-01
6.877024853035633434e-02
4.564629284163291834e-01
6.947979997763482629e+00
9.848079045482627247e-01
1.246402673749050560e+00
1.449252804958369722e+00
8.494942847422780607e-01
1.264951295864309433e-01
-2.657730740567510708e+01
-2.364542022250737952e-01
1.142534058487246895e+01
-1.523817167684956120e+00
-3.571829181441116829e-01
6.236760568469617017e-01
-6.420225496457538927e-01
-5.650657800301330802e-01
-1.159700378011206734e+00
1.574821719940759479e+00
-1.832787312806033242e+00
1.290725400645644072e+02
-2.323430492459028218e-01
-3.780383756535307338e+00
1.109772089366926950e+00
-2.426117298596912053e-01
5.208744355871846032e-01
-2.738615607025501220e+01
-5.376111737500778531e+01
-9.250617230945427094e-01
-5.239061417717846281e-01
6.660671055427773712e-01
1.786833533133539209e+00
1.314469025204534569e+00
-4.262441176155239986e-01
-6.411175076271065976e+00
1.466953662347995624e-01
-5.391669770676756901e-01
2.960059687247797999e-01
-2.779043608065113968e+00
8.923753758370730482e-01
1.786954334958951451e-01
-4.647941335650562777e-01
-4.136918477895271451e+00
9.437391280784234171e-01
-1.273113384347706267e+00
-2.380589518577769237e+00
-1.109575658044839486e+00
7.449435836461866245e-01
1.999447683707850087e-01
-4.764203735477451351e-01
-3.898298468130851346e-01
-2.622268056194179309e+01
-9.716908021342265944e-02
2.140405144528384485e-01
-5.019395142241389607e-01
3.377419614163359451e-01
1.051562464824227661e+01
-2.045868156707850716e-01
3.098941489628209212e+01
1.300846544167352681e+00
-3.535357074510714348e-01
-2.324569666144223334e-01
5.654371115228933320e+00
-6.770100749380753014e-01
1.717012642134721645e+01
-1.227009456704404311e+00
-7.924875567611046057e-01
6.651940690476859652e-01
1.767671565763960229e-01
-2.327315817868921144e+01
-7.951485234570339344e-02
7.847086602446173842e-01
1.178789758744669625e+00
6.541947434183049914e+00
1.227971075458887062e+00
6.298069824907450709e-01
2.099515533192856109e-01
1.700151875080450070e+00
-6.246916139335707552e-01
1.030304410769502743e+00
-2.273245069546958597e-01
7.998958103413704723e-01
7.850183229209424240e-01
-1.071118810113944519e+01
-5.322104834040958821e+01
6.764117876235079541e-01
7.881876643600781662e+00
-6.344154931712455703e-01
-9.155748787587354443e-01
-4.479719450758591903e-01
9.026801956705968522e+00
-1.321967623067950015e-01
-1.077013022963352107e+00
-3.276018351173730480e+03
1.415152604309382611e-01
-3.639975119234194478e-01
3.201477839133537451e-01
4.052672051343483517e+00
-1.271809287437168035e+00
-3.191045957133469835e-01
2.330736636248492422e-01
5.436251096811993699e-01
-5.881893711700063587e-01
-5.599027333172285070e-01
-9.240537244361886060e-01
4.642074544172046791e-01
1.996458072085368907e-01
-7.637794330026621559e-01
6.042269421829919995e-01
-8.013137641506318687e+00
7.402036221326278920e+00
6.120230984116140638e-01
-1.256776603576925133e+01
-2.994278383801149412e-01
-4.832670413592123071e-02
9.160302677579865160e-02
1.672047732063186798e+00
-2.117841504737356217e+00
-5.960357542632007011e+00
-4.487485922467998600e-01
8.318597000540690622e-01
1.463346257628051816e+00
-2.871798487656165744e+00
6.099433172686675730e-01
-7.622070163057111936e-01
-4.428642561731271216e-02
2.810846877008101319e-01
-2.125717365283285432e+01
-3.686554404018069331e+00
2.637852608130307752e-01
4.755388274154399575e-01
-1.420914700111393647e-01
-7.735392328793097017e-01
-1.169362204021516138e+00
6.194734798548927612e-01
6.881591999139860150e+01
1.318608990604412945e-01
3.603613943233524353e+00
2.800169332355534335e-02
8.273346659324716246e-01
-3.259727703736166327e-02
1.226086941463513602e+00
-5.486264435483956259e-01
-1.112076041188309466e-01
6.419882416778035505e-01
6.037087600139296129e+00
-3.661327752133303748e-01
-2.107000016383474561e-01
2.205363474279376512e-01
1.953756613024864031e+00
4.318356468160621908e+00
-3.739019677086025117e-01
4.714535079844153764e-01
3.538900732949407768e+00
-2.479412684224017172e-01
-5.378085114328874372e-01
-6.247518825626586780e-01
