-2.212373673518217121e+00
1.400106848652533209e+00
1.645419288950221715e+00
2.290143183995301257e+00
-5.251714768005692063e-02
-8.043631333951504203e-01
-2.321572211373903016e+00
-8.190848608404982523e-01
-1.529696763125730552e+00
-1.981209097892598026e+00
2.067912122559430743e-01
7.859954128973318799e-01
6.914581530552306177e-01
9.527148117371078140e-01
-7.440228822301082623e-01
-1.278855740837740562e+00
2.283489478894686009e+00
-1.905793753477942054e-01
8.894721761486391598e-01
1.502424428743031060e-01
-2.955596526362247012e+00
2.116564462321390838e-01
1.183613386831128267e+00
-2.119080364586544363e+00
-1.718821954138155306e+00
7.836263837590872194e-01
-2.659047566142352936e-02
-5.195234097367579018e+00
1.169756364573031782e+00
2.678828380334284942e-01
-2.834062408002996136e+00
-1.566678042176725683e-01
-4.863517238490607797e-01
3.524052631815701275e+00
-2.610955948620020950e-02
1.076952714670737166e+00
-1.370325868598538943e-01
1.906453928328909697e+00
-2.781786833608911880e-01
2.814099338964755503e+00
2.536122405115653899e-01
-4.789995034338583313e-01
1.091870143171937091e+00
-2.355611825194096343e-01
2.220960092508157846e+00
1.355752545994643787e+00
1.682571079344020060e+00
8.570726089117899349e-01
9.855729349615393042e-01
-4.667283323838639086e-01
1.099513411907353300e+00
3.309218501305588589e-01
-2.227733629435904916e+00
-1.096842283650671934e+00
1.345898145660712197e-01
-1.918542949720777546e+00
-9.234501521711262484e-01
-1.817369612623083608e+00
1.893802727348346870e+00
5.386062971023386492e-02
6.635247227686968952e-02
-9.395879691217883245e-01
9.289844194112858444e-01
6.213859934581811295e-01
-2.824014124392973946e-01
-1.435405852812695060e-01
-2.381215997635192760e+00
-9.853398511674056337e-01
-4.577974636297589550e-02
-1.035601480941710673e+00
8.430153345576716362e-01
-1.356398078252510908e+00
1.404695908347615152e+00
1.984756965997171996e-01
3.657087001930305337e-01
1.614208393532015617e-01
1.001852832186069797e+00
-4.273791841950671078e+00
-2.502561813262753621e-01
1.930543397240040093e+00
2.001639031257215429e+00
3.443209332272231804e-01
-2.788530160829320037e-01
1.095949203424608331e+00
1.353952398890055031e+00
7.372187597100431367e-01
-2.624004261623087420e-01
8.398086108374405612e+00
3.392085239185981926e+00
1.452547861254786798e-01
2.255412967765847987e-01
2.507301353919805242e-01
1.050959038235554921e+00
9.405033707251884145e-01
7.370406535019214944e-01
9.078224250567643594e-01
-6.805242164670992633e-01
-1.676791043023586836e+00
-1.362935604296495296e+00
1.376784240224268263e+00
-2.873946789159503856e-03
2.355370882467212046e-01
3.664290784299260584e-01
-1.021192171876131205e+00
-9.898154895018240751e-01
6.844012910185199416e+00
4.996338759290820941e-01
-7.747425776379890383e-01
5.672532821711511186e-01
-1.004581524897318889e+00
1.405138679758369236e+01
2.406221002266740960e+00
-6.465021701027811041e-01
-1.480225463426754207e+00
7.554821902410976397e-01
-1.662412992489827213e+00
2.442565797109369496e-01
-1.736659984233718257e+00
2.034925005531938336e+00
-1.000321659118617390e+01
-8.117493005349611934e-01
-1.147973878720069507e+00
4.966323053092998041e-01
8.750993918787174086e-02
-2.499671478554456705e+00
2.585064667522672721e+00
3.538821759845852538e-02
-1.548766312005157797e+00
-1.139562870273375550e+00
2.371830310489574600e+00
-7.252516141829039586e-01
1.209124161254462176e-01
1.533130367165205676e+00
-1.358631743687477744e+00
2.034198639708115763e+00
9.799764584837911130e-01
8.654613659724458286e-01
-1.544200194776230495e+00
2.237283486019969736e+00
1.236350085129276799e+00
5.195289184166431262e+00
-6.673448346407288012e-01
1.193056031904288883e+00
-4.365685030091100427e-01
3.155758874603745490e+00
8.485175554104215090e-01
4.466008595335924092e-01
-1.316611980814796468e+00
-7.597228510529997481e-01
-2.633483182692073044e+00
1.008415139580635778e+00
3.217213536678269481e-01
7.449454239029958957e-01
1.510708585786628921e+00
-1.054791809828037330e-02
-5.254733698701752331e-01
-6.524812207488612792e-01
-1.474336665543137803e-01
1.064330544779469756e+00
-4.837050780591336530e-01
-2.719276887251966812e-01
-1.149384587202370156e+01
-7.785202731672943299e-01
1.988064543873363954e+00
2.014708831873991635e+00
7.703960823171911443e-01
1.028763365370111842e+02
-1.651181890046757195e+00
-2.764706660704007932e-02
-3.718841389332198766e+00
-1.195351260520451930e+00
-4.047570261376360889e+00
-5.018194611873958433e-01
-1.152995497081070297e+00
8.164086415700960941e+00
6.236740772541630173e-01
1.278401447222214715e+00
9.182883171422941970e-01
9.528826427522719689e-01
-1.177624626146167364e+00
9.188443875799504612e-01
-2.740246038562232367e-01
3.176647801590342102e-01
-7.921090220069262333e-01
-1.472133422306185491e+00
-1.016827843237764206e+00
-1.413258750670923491e-01
2.129086682522222773e+00
5.081424779188281615e-01
-2.020691016204043677e+01
2.107803188329292254e+00
-1.113360115409563811e+00
-2.359119795365235639e+00
1.198133499384829603e+00
-2.975553634428736771e+00
-4.873053513716610219e+00
7.054145812738097376e-01
4.703658115455941480e-01
2.485644828688763353e-01
1.742860739431761619e-01
-2.484152982119936404e+00
-3.131539382416503869e-01
3.971519985550329701e-01
-1.839386447827381366e+00
-1.997483956670390803e+00
1.171820208307861044e+00
9.762754238478741353e-01
8.395510936600335261e-02
1.524702590862800911e+00
5.049369110921145820e-01
5.368522828711104200e-01
1.026503611388723369e+00
7.221019836936363845e+00
-7.279088557989014108e-01
1.630055976478496760e+00
-2.829024173888793903e-01
-2.026718115370148010e-01
-1.185522305690634770e+00
-8.302735627562143339e-01
2.479135920601208909e+00
3.367740782251313902e+01
3.660690445070073462e+00
9.114645533306292569e-03
-1.366778976395007783e+00
-4.921592504548355507e-01
-2.045179118687526998e+00
9.162833061658378631e-01
-2.730489656079619909e+00
-2.535438379420549282e-01
-2.469134725864584046e-01
-1.561617997181985240e+00
-2.524785161918827292e+00
1.567955735435984099e-01
1.002184867849994721e+00
-2.384402455043294622e-01
-2.185725076048287141e-01
5.366700204133776353e-01
2.127548860200289826e-01
7.532882074077015266e-01
-2.263654774134160164e+00
2.528855695792697311e+00
-3.922497905863110423e-01
-8.554012838431968024e-01
1.785122729126745467e-01
3.698242504636663597e+00
-3.727900985749423413e+00
7.823019477494216334e-01
-4.007983154149359906e-01
5.131710433130023397e-01
1.177262800651615732e-01
1.442203606855983200e-01
4.750357359570586135e-01
1.533500236345021417e+00
8.325112806151971911e-01
-2.008427831698853971e+00
-8.379842783996999112e-02
-2.409760567283704136e-01
-6.763050159581639187e-02
7.961472261510906812e-01
-9.485119055523533182e-02
2.559985739148922690e+00
1.759824994551362654e+00
1.416242009540908953e+00
7.577513082924185461e-01
6.379510723525272908e+01
