-6.131800148156094643e-01
7.779609555521878050e-01
-3.151133684705766935e-01
2.207363630997732251e+00
-2.307305175818119558e-02
-1.149725536640024526e+00
2.836301217237204852e-01
-2.168537544447418419e+00
1.923931953626312197e-02
1.048185192962636236e+00
9.507187072679998963e-01
1.108433475849127658e+00
-1.387217592016433687e-01
1.502122228575041873e+01
-3.448160648266413442e-01
-5.322894723124015348e-01
-2.087805871322908902e-01
2.043249513236925274e+00
1.675025113665697951e-01
-3.925302597686007644e+00
2.276689387999047298e+00
-1.448145860947738672e+00
1.436434512536317876e-01
2.231651343433543211e+00
-3.563655992412987916e-01
1.584863534266473639e+00
8.849871514433343966e-01
1.716029323086848635e+00
1.479050998184856969e+00
-5.705098018341103749e-01
-1.519418956737941029e+00
1.892970390710395912e-01
-1.834868953363625987e+00
-2.691871286102107241e+00
-9.459344305697481303e-01
2.626603862482864482e+00
-9.056479079613144467e-01
-8.573474315743510044e-01
-1.140448817423314720e+00
-1.156816853120653799e-01
-1.498662228621358450e+00
-2.852909515943430341e-01
-3.059546096930825243e-01
1.775960631971556514e-01
6.706653874411592220e-01
-3.059867253801157316e-01
1.542884201005830236e-01
3.281029295899109410e-01
1.110736963532789161e-02
1.670734504308016399e+00
-7.901974375535185668e-01
2.157992477564491196e+00
5.661931185513816578e-01
6.053543791786298200e+00
1.534649125012156889e-01
5.257595562533012856e-01
-1.180021107982792028e+00
-1.724287688654081996e-01
-2.208084820053517028e+00
-7.330176452571203205e-01
1.473365237439441922e+00
-1.630510950358222244e+00
1.098911039127393963e+00
4.050204504642263698e-02
2.124910671125203265e+00
2.468649045836973421e+00
2.229019217801705643e+00
2.854283748485962224e+00
2.034218144699142972e+00
1.337304403066951863e+00
8.665097564440795708e-01
-2.504457179979695969e+00
1.190835964750008302e-01
-1.851680493056172772e+00
-1.697802936569115517e-01
-1.849780326179615964e+00
3.572470970563799142e-01
1.452807128516696134e+00
1.928247499423739519e+00
-2.879968833927511795e+00
-3.203665306235429000e+00
-6.975592763671878416e-01
-1.481138787845529825e-01
-8.109736808745269254e-01
-6.604859639622573386e-01
1.585292960166826692e-01
-9.655753539242567518e-01
-7.201766418901802691e-01
-3.632838503559968757e+01
-1.791225822897599462e+00
3.793545349625478402e-01
9.320474874942648036e-01
2.877061577483714938e-01
5.800756802813511470e-01
8.333906344339574446e-01
1.133166497615817114e+00
2.985780844497614925e-02
-7.849341010556774023e-01
2.885972798814286033e+00
-3.969535684030640610e+00
-1.970140710315388510e+00
-2.109071537398261142e+00
7.079989299143402137e-01
1.110063666746547995e+00
1.823379335950319202e-01
2.363455340319468856e-01
7.289258973869710001e-01
4.760657258888419952e-01
-4.006016434159174189e-01
1.912525632442903412e+00
-2.499582917641022028e+00
-2.439132539140299594e-01
1.923065446677620027e+00
-9.917978143894046195e-01
-3.240630841753219249e-01
-3.116349615041717147e+00
-1.229942271874830961e+00
-9.338063656420736436e-01
1.588698718448556590e+00
1.162233812385892850e+00
-4.534415079124049508e-01
-1.794113146285787330e-01
8.280350263406321965e-01
-1.044594927983135912e+00
-2.222518707411810013e+00
1.352735592507962270e+00
-1.426171732088071353e+00
1.493005727290290241e-01
-3.112681592069463932e-01
7.576422337887243064e-01
-6.734728931770219695e-01
9.993249353893540743e-01
1.239395959780133644e-01
-1.576712639370543290e+00
2.807346032392349366e-01
3.754569187263030017e+00
-4.937617265297614133e-02
-6.747439599453732839e-01
4.825992779899433704e-02
-1.123790968045556227e+00
-3.759687677696595731e+00
-1.015479276247949647e+00
4.065844321193750055e-01
2.700669460369867547e+00
-5.793882473395770560e-01
-1.170768662390840209e+00
-4.331519807916942577e-01
-6.972297759646022275e-01
-2.452862755710256693e+00
-1.640459931974918462e+00
2.089868255758156934e+00
-8.108929626516481193e-01
1.473498677471773100e+00
-1.875800212648174037e-01
1.649597711945859427e-02
-3.542674528276276380e+00
2.771170496290578988e+00
-3.268703856939378483e+00
1.151443932105429502e+00
-5.680077740530340424e-01
8.975146021517255157e-02
3.603505014578261889e+00
-1.699729830100533690e-01
1.278118443616672373e+00
-9.033515446766550383e+00
-2.962213498034274028e+00
-3.416900055583366402e+00
4.753885694951821561e-01
1.754859546641165613e+00
6.066757874183359434e-02
-2.020241497011813436e+00
-5.216962879145894405e-01
8.832291425287381870e-01
-1.079396888855388209e-03
-6.864841367773570013e+00
1.225726985909281197e+00
-1.889291963119660522e+00
-1.999545470277950265e-01
3.311835807200434467e-01
1.737536810439144652e+00
-9.285430112161477956e-01
-2.315520924379576018e-01
-3.997180319064418952e-01
1.374490462855122663e+00
7.276766864833483783e-01
-7.279750219518005272e-02
-1.016916112578601483e+00
-2.285446038160328097e-01
4.108515208375278505e+00
-3.955522359950260025e+00
1.589340436386392996e+00
5.896449680634372470e-01
-9.000201149730132633e-01
-5.879916701504628307e-02
-1.740690520806682517e+00
-1.687808983207607749e+00
3.530071405487762715e-02
1.045792255871451637e+00
2.892913470570078992e-03
3.391513617700659955e-01
-9.733201683773613500e-01
-7.134528471860301924e-01
3.516066397315187331e-01
-2.328247603968170765e+00
-7.224271291501045411e-01
-3.408584022885632336e+00
-2.563005040307827720e+00
-2.634551619842112391e+00
1.919907951232880716e+00
1.431772952892029771e+00
-6.650867580098831500e-01
-1.016787269261798077e+00
8.758768698723822244e-01
-8.776437104379279930e-01
1.942213276208894168e+00
3.011380123389578500e+00
8.673751301689853754e-01
1.975427791734050142e+00
1.634338438380851244e+00
-1.351632061150277231e+00
1.931020940881582326e-01
-3.286065898976365141e+00
-1.229295324746415341e+00
3.246721551913880344e+00
1.910832163766199798e+00
9.679111278736607371e-01
2.931503517666191438e+00
1.174225477228884262e+00
2.405474604942950734e+00
2.442784273351093383e+00
-1.446778228632642938e+00
5.749638860860198930e-01
-7.162615353192671730e-01
1.641169189318036237e+00
-2.850493215090141828e-03
-1.924462632484895019e+00
-1.902296040871995553e+00
8.081052359923215911e-02
-3.820218635764070392e+00
3.969016737853747756e-02
1.884283711927537741e+00
1.123017439395102457e+00
9.988210601632179220e-01
1.250808865515223633e+00
-6.388675213414798382e-01
2.309172301119618353e+00
1.150535610571656209e+00
-5.176936695600402594e-01
-4.535192163501605700e-01
-1.159258861227700610e+00
2.479904211607811826e-01
-2.598253585581395964e+00
-9.618567626347488408e-01
-2.133434479949409268e-01
-7.081630820450417196e-02
1.512951346065295022e+00
7.147433723030836017e-01
3.095073718401309293e+00
-2.933412232940810327e+00
1.913130861598920374e-01
-2.020592184026679949e-01
-1.317247332008528282e+00
1.609854830393347314e+00
2.003116233307957295e+00
1.552233614192976563e-01
