2.613139201779109744e+00
-9.062425275212109277e-01
1.249283929163619078e+00
7.370765393448366343e-01
-5.240930244699888618e+01
4.759514805133897575e-01
-3.502102058515757399e+00
3.658275214401900399e-01
-2.669435995293333974e+00
3.392115191628298221e-01
-1.142072638432292120e+00
9.227952165524337502e+00
-2.564233034351460816e+01
1.149443110394031464e+00
-1.597883207287186913e+00
-6.467695356198167878e-02
-1.904396459266537167e-01
-6.698531119467305839e-01
-3.399585364219951389e-01
-9.876173880027732110e-01
-6.483764126469615530e-01
-1.587220890782495841e+00
-2.924098797628862823e+00
1.257807584808247192e+01
3.633121535073713382e-02
1.428016553433200109e-01
-6.116887655018751424e+00
3.648125311534836657e-01
2.748281994937441519e-01
7.984636173149622929e-01
1.065119406493197030e+00
-2.677183959067883645e+00
-1.305239498088702987e+00
8.476798006113272166e+00
4.316024794670698661e+00
2.460533647439467231e+00
3.313055861894059095e+00
-1.676003289828759568e+00
3.629438168686284771e-01
-6.033930097196651410e-01
1.011324161284027490e+01
1.851485343298591824e+00
1.695678066709976228e+00
-5.911865431896428102e-01
-1.112930335269876059e+00
3.715796734134852564e+00
-6.296274228903462333e-01
1.102107506263494130e-01
-1.292508592062298511e+00
3.602310157449434280e-02
8.760054190176072009e-01
3.184559121992464603e-01
2.262164552843042742e+00
-5.029659570062383622e+00
-1.874898407852053084e-01
-4.123157995395939679e+01
-4.315268703475579337e-01
1.305047372803032317e+02
2.501178076631818126e+00
-2.124892327663284175e-01
1.297997188940810709e+01
8.364671469012145977e-01
7.131278286615694295e-01
3.455674831994351437e-02
-1.985860464363247146e+00
1.686421624750142900e-01
1.310541042241298015e+01
-4.297493265347263058e-02
-7.553174377452176458e-01
-7.630780647701009001e-02
9.363394327030083453e-01
3.331977664273273465e+00
2.309127084898648263e+00
3.129739663347089085e+00
-3.475373443474655821e-01
-6.534885107683607863e-02
7.253345498252267376e+00
-6.278069447155347760e+00
1.000770838744772240e+00
-6.669934824156255715e+00
-4.096358853822985591e-01
-1.005348541441965393e+00
5.859945959007575311e-01
-2.571653877932497112e-01
3.786181177103418172e-01
-8.812668400248746536e-06
-3.528287268221616202e+00
-3.354005444376553680e+00
7.245880186574029345e-03
2.261897688612255486e+00
-1.109163254904822260e+00
5.164053132747572050e+00
-7.773729786510130690e-01
8.366762275551057115e+00
-1.241919586564557143e+00
4.969955018702990057e-01
5.596495190580035306e+00
-2.828742161422076506e+01
6.124064528055521706e+00
1.903467769785907038e+00
-8.870113524096510105e-01
-5.470172753138835553e+00
1.000914749467206377e+00
-1.740864221891150754e-01
2.739153126251743231e-01
-2.889736033497914969e-01
4.643641630786225605e+00
-1.827290581556150073e+01
-1.425997894514245079e+00
8.964405205865988435e-01
-1.873110834686697501e+01
-9.524955201012328843e+00
1.044201976194602288e+01
1.903914659934387910e+00
-5.481935505350066240e-01
1.630203056823708030e+00
8.117707896948544999e-01
7.918025321762134361e-01
2.253182031460902124e+00
-1.687589572858188003e-01
4.786836463674639108e-01
-4.138280165542581379e+00
4.203213682573508692e+01
-7.603773572835722527e-01
7.074833555923441963e+01
-2.731517175989904567e-02
-3.499531890401980263e+02
6.429902536509576549e+00
1.801859246594975650e-01
-9.296566457919985815e-01
4.943501201380775534e+00
-1.438496028913337277e+00
-5.759435531325498570e-01
2.525669342991063715e+00
-3.364290117790928569e+00
-2.141861781665713171e-01
-1.161237751925712436e+00
-8.474707404572567881e-01
-1.924318596613092680e-01
2.467762001225001445e+00
3.940729414890980387e+00
-7.738266735888602588e-01
2.171555209721014457e+00
5.197221984803925832e-01
4.652992189399355882e-01
1.876686262990142851e+00
-9.819844527795749123e-01
3.166712926706001241e-01
2.026118297406578339e+00
9.608481611728177940e-01
-2.993706684728450362e+00
-2.932486650397083849e+01
4.433284269620076379e-01
8.149018435233514879e-01
1.356673528012211971e+00
-1.724569488296914532e-01
-2.369862201635584142e-01
1.231970488077194004e+00
7.096346649022644559e-01
-2.428868999187973277e+00
-2.802968911730455925e+00
-8.684239688859236583e-01
-5.470018737634005923e-01
-1.962740471760032301e+00
-4.916550822543106491e-01
-5.657186819590473092e+00
2.526494763291604162e+00
-1.076881714424318570e+00
7.483018024146531388e+00
7.261016661195450750e-01
6.698903414282614932e+00
8.261381635992403050e-01
-7.177759874085893887e-01
2.166044650194431931e-02
2.823259401449365935e+00
-2.314781715093465753e+00
4.408738899661742150e-01
4.152276204325243469e+00
-4.912525195086249852e+00
-1.477251939275669557e+01
-1.561183299711866646e+00
1.626255438145160159e+00
1.949188579536275778e+00
-2.039549538204326495e+00
-3.030485832588095896e+00
-1.523860969955357803e+01
2.251950756728404279e+00
3.907841748467486553e+00
1.101484702069410293e+00
6.104162100209877817e-01
1.368627381136277243e+00
-1.246268104201137028e+01
1.746043122104815826e+00
-1.024449812334526921e-01
-2.500458095908216105e+00
1.398563711259256159e+00
7.930594032053955855e-01
4.051414797718305039e+00
5.956441288643143928e-04
-9.984320248541110887e-01
7.448127000397956721e+00
-4.940739807167709441e-01
-3.635288974751860192e-01
-3.703576948380343792e-01
2.602269039713423382e+00
-2.731164360138131908e+00
3.475959477640629292e+00
7.755116451293389002e-01
1.202603519624669604e+00
3.716537477805161860e-01
1.210026032674300922e-01
2.650208535778915575e+00
6.587879102634398576e-01
4.866892008577861972e+00
-1.904212534491665831e+00
8.824426268237439697e-01
1.148368764284162680e+00
-2.309879235165374745e+00
5.466091160543312455e+00
-3.934964311327210140e+00
4.616680029535091379e+00
-3.979266228344122691e+00
-3.912524244312159394e-01
4.321294946090619149e-01
5.536334456048583874e-01
-4.790982388671866765e+00
4.038965569169294945e+00
2.713149796825082838e-01
1.216191149945784566e+01
1.427207205700842252e+00
-6.899811404594097253e-01
1.722492250012304549e+00
1.525670432328440818e+01
1.668074532394841492e-01
2.345879762158932902e+00
-3.093474337967043297e+00
-2.667316791519930952e+00
6.655824053247468619e+00
-1.801102896694073419e-02
1.233088673579463190e+01
-3.616755387417565637e-01
-1.337567793381657655e-01
2.523603173977001290e+00
2.880256649266195623e+00
-1.432383267608832682e+02
8.661304187492396833e-02
2.740615039621943971e+00
-4.124299887648676055e+00
-6.080151973253922648e+00
1.242680176849357609e+00
-7.782349397585455186e-01
2.650009155050795595e+00
1.909473474502443535e+00
-1.384062158012222987e+00
-5.708514378879519846e+00
3.824779942023986301e+00
3.511337717870240738e+01
-2.164949511268452298e+01
-5.855649124543432782e-01
1.968571888841229907e+02
2.215840523061564760e+00
3.787782232905781421e-01
-9.022440089409514696e-01
-3.215713532232869487e-01
-1.002088689428654922e+00
