-9.362253351598287310e+00
1.826279051345980620e-01
-1.070448649395868479e+00
-1.594007070692607275e+00
-1.504145389889570694e+00
-2.708646760455133418e+01
-4.270393691979871287e-01
6.354812828519676993e-01
-2.846655823265885843e+00
1.981953000038708446e+00
-4.351505808908012751e-01
-2.357845828684363987e+00
-2.333860921141393471e-02
1.910899471578777042e+00
6.726134925582660795e-01
7.044003869305357490e-01
6.234616374556530838e-01
-1.040586643556265845e+00
-1.399956485607983803e+00
2.335160098286358732e+00
9.971554781537946832e-01
-7.242346330844106062e-01
1.209249113994142588e+00
-1.046728635040382049e-01
1.131995737725939088e+00
9.988724666707644861e-02
7.617967801001712669e-01
-4.530857943948213284e-01
-4.732258975698356435e-02
9.437642959528791398e-02
2.584104740469466144e-01
4.680032994850545691e+00
-7.289629760477275511e+00
2.061144777530049321e+00
-1.583476089481178350e+00
-2.926197167538049371e-01
7.435984602172998059e-01
-1.214756460642937963e+00
2.464240983532237195e+00
-3.160100189130923276e-01
-5.998287939007100888e-01
-3.107967712573871388e-01
-5.772874905608749163e-01
1.646944288603387596e+00
-1.500535206297857194e+00
2.966199929147519398e+00
2.673472361657583951e-01
-1.560541978895549242e+00
-2.819574061906698148e+01
9.461352148127227801e-01
-3.806949589771827513e-01
7.871679036564784848e-01
-1.912774540814217716e-01
-5.372318472071727635e-01
-1.765479023125435254e-01
2.131773672804832820e-01
1.332569670038848964e+00
-1.707298212681634952e+00
1.485484604490325822e+00
-3.971343656481689521e+00
-1.022028551875535651e+00
-8.240991830260270268e-01
-1.874385240858312152e+00
-1.640937436987208731e-01
-2.470732583272098548e+00
2.667121116198663877e+00
1.383055130655691523e+00
-2.308024786714930887e-01
4.289752516232279156e-01
-1.271473287118958240e+00
-8.306376829640461923e-02
1.724838657178732859e+00
1.895842396045004818e+00
2.775569253198210684e-01
2.376562262697976546e+00
1.338775556572217862e-01
1.998746222046615673e+00
8.885006801558137379e-01
-5.211094955402574280e-01
-8.807924638637225634e-01
-4.755691987035732260e-01
3.892876362195327178e-01
-9.389691840546425805e-01
8.011109159727378692e-01
1.319198496199519122e+00
-1.414509990592750732e+00
9.144132506345264977e-01
-1.354761622969502088e+00
-6.653348409233006411e-02
-6.863392164013651930e-01
-6.036628687639338242e-01
1.284677225033716397e+00
6.197648402545736790e-01
1.049641432377436789e+00
-8.617530663448278935e-03
7.063195813923638378e-01
1.657231772041152240e+01
-1.779530345264167535e+00
-5.696057277565498289e-01
7.426571860053408081e-01
2.125288467680340077e+00
1.587876163828923215e-01
-6.884297720423814271e-01
4.447621759552776166e-01
1.263719631373681818e+00
1.741965638747525191e-02
1.293347097172489635e+00
-8.588359875435944701e-01
1.568090647106617608e+00
5.054037633443848598e-01
1.710196728513846853e+00
-2.316501950718813152e+00
7.284046665400261134e-01
-3.037771486271787058e+00
2.462629655816154450e+00
1.389485413051576579e+01
-4.696802848482349302e-01
-9.900726833281481287e-01
3.181608044363052334e-01
1.925419294147643123e+00
1.390458269975737293e+00
-6.318613488664324152e-01
6.063709297165940093e-01
2.478985142286865173e+00
-5.316960124170865276e-01
-1.424841624267262574e+00
1.553738554736362687e+00
-7.827919475078022327e-01
6.229938846632268046e-01
-3.381168813650847760e-01
-5.445093601417800855e-01
-2.803103536858915223e+00
-9.885211601289077832e-01
2.572643332386878257e+00
-9.072584561063894437e-01
9.317081572021670421e-01
-5.998594892712323379e-01
-3.157547977964545005e+00
5.955529023492427410e-01
1.731921738851942560e+00
8.721788305634337046e-02
-1.614823194072716461e+00
-9.804267204190685314e-01
-2.576532352536868853e-01
2.558808714337531764e+00
-2.533478023973974036e-01
-1.362257917862097045e+00
1.572728298574596506e+00
8.554355138054073882e-01
9.181001320594893711e-01
1.103302750370293017e-01
7.143270732024223912e-01
1.039486538148457484e+00
2.685629263768757102e+00
1.067368700278075622e+00
-8.376691352806174606e+00
-7.166236143446454987e-01
1.102184802443725742e+00
-5.526477277012524780e-01
3.030411151358232580e+00
8.025470153290709119e-01
2.024315439782031767e-01
1.590063980788538611e+00
-3.501320700692762689e-01
1.086605849485665853e+00
2.223595053845039415e-01
6.158070898862670617e-02
-7.486821021319827185e-01
-6.411304283206591403e-01
2.133372940280548136e+00
6.073367195373066352e+00
1.722402801274215967e-01
3.111694740681559157e+00
2.167815416677331797e+00
1.074956172756170725e-01
4.143215024442114536e-01
1.378819732447204571e-01
5.162391816538702827e-01
3.279766928204207233e+00
-3.615211766372483648e-02
-3.314306701363500363e+00
6.898666495892649686e-02
-4.638253537695984363e+00
2.401571770675618112e+00
2.972335326357056773e-01
-1.548802689822259993e+00
1.826595190371237187e+00
-3.108509726316867616e-01
-1.828566273648893681e+00
-6.723778580628562151e-01
1.515397765792196871e-01
5.423071946020874279e+00
8.722131873342668928e-01
1.259558629068958435e+00
-1.134303694195731627e+00
3.021830283957889218e-01
-2.545561780521914397e-01
4.234122706823835736e-01
4.167551515971943843e+00
1.071298628214639947e+00
-7.375812087771940195e-01
-1.741216620745730248e+00
-2.358427132534852699e+00
-2.589107625299507021e+01
-2.826597755232190257e-01
-1.352678578198710291e+00
5.179127410409756216e-02
1.395704270625478749e+00
-1.638196666921752920e+00
3.718162448622509553e-01
-1.113325572315760015e+00
6.058736671217026526e+00
6.537193372083327514e-01
3.647857044069637844e+00
1.790380070885687847e+00
-3.877774512188065792e-01
8.211674156459826124e-01
2.410070331173920444e+00
-1.812025528546582720e+00
-4.592737305738558429e-01
-1.267637906880006993e+00
-2.708975771965294044e-01
-1.246913668254117757e+00
-2.329969781854717426e-01
2.215674800652438561e-02
1.396032064491306457e+00
2.459951478132852559e-02
2.879553999880911375e-02
2.724114608091674286e-02
-6.610345731760767229e-01
4.394916317315925580e-01
3.418178943719489826e-01
2.728153763613033078e+00
-1.403363235467776970e+00
1.698220796023406365e-01
1.140703117466483341e-01
-4.696926532429850365e-01
-1.049850827849220902e+00
1.725044611596309174e+00
9.633204872041822853e-01
-1.118869618378152547e-01
1.401565532548167958e+00
1.067766186412392182e+00
1.390487835566585617e-01
9.603658647347923516e-02
-8.888309559854569164e-01
-3.884030361277150678e-02
1.180711411480853013e+00
-1.253353697247048260e-01
-1.376259063545534275e-02
-5.562398044352105941e-01
2.913164661732048910e-01
-1.359557567818790114e+00
1.526962039548773298e+00
-1.531104063046444530e-01
-1.374696276948378815e+00
-1.424779995860267379e+00
3.878337265060310957e-01
-9.889871013209438483e-03
8.371828440704430774e-01
2.242137477408861379e+00
1.042713866780445287e+01
-1.576093206044643646e-01
-1.548610166922033571e+00
1.549815161977438072e+00
