-7.555543633324462993e-02
-7.202371602062838107e+00
-7.983918564436369714e-01
1.729565568345294402e+00
-1.813879757938109094e+01
7.426684500391216304e-01
1.473997053113982769e+00
-4.487659878190729951e-02
-3.093458253871246733e+00
7.911933922594377444e-01
1.284519507895672819e+00
2.288756511765155821e+00
-1.291304940734339990e+00
1.553092189865976636e+00
-3.161483820229630259e-01
-7.592007641659156425e-01
2.046548810851722688e-02
-1.976553331325877350e-01
-8.862388463149881090e+01
1.258072061430824284e+00
-2.984641128433563884e-01
-1.059961449771145592e+00
1.311432515544709965e+00
-6.200201298539874672e-01
2.337461255659540882e-01
-2.461972563919293755e+00
2.362577635677524768e+00
-3.774479991027911208e+00
3.813983749477438678e+00
-1.160167294265679848e-02
6.011283106185841163e+00
-8.574293816468320228e-01
8.658380914168096965e+00
-5.002806769745849813e+00
-2.126984265786904249e+00
-1.570853547724630817e+00
3.072301822652391934e+00
2.842655740263082098e+00
-6.875358992551834636e-02
4.498453850416327809e-02
4.406739957962603205e-01
1.229724245222772572e+00
-2.385404820127329462e+00
-3.061460627194130257e-01
-4.478997698114054238e+00
6.078830737930154271e-01
-1.546849911027057267e+00
-3.027769954780489825e-01
4.419879283606572784e+00
1.293027810044748094e+00
3.234287968743377872e-01
1.552734264748237392e+00
9.099489656129459147e-01
-2.118881929931103247e+00
-1.899902402539107582e+00
1.229581559403811530e+00
-5.275517783236560732e+00
1.486109315438992606e+00
2.765641982325534709e+00
-1.200437469527382817e+01
-4.030655311832809229e-01
1.751934463243285833e+01
2.410316302735155070e+00
-8.168141149114887867e+00
-8.037285160243448079e-01
4.765338134681560867e+00
-1.907975691629360426e+01
-3.253996981711114733e-01
-1.664269512302734011e+00
-1.704702427738398751e-01
4.223478958035633002e-01
1.206169152458939964e+00
7.630552728384367711e-01
-4.598433293419859069e-01
8.562294586960875753e-01
-1.187060545940861744e-01
-9.626971062164813020e-01
-4.015380350058944892e+00
-4.914466156342410130e+00
-3.302306473519126540e-01
4.215754440065834219e-01
-4.328508987017421483e-01
-1.692075439847461560e+00
-5.061224153066743447e+00
-2.898477137006690629e+00
1.130046806860788948e-02
2.068316027029935888e+00
-1.313670946328036715e+00
2.200435607292325813e+01
-1.773524068982388346e-01
1.444808958449000968e+01
-8.415640010166612894e-01
1.175173254592015404e+01
-3.259650225167966653e+00
-1.370366788480803732e+00
-3.110030760378388770e+00
-2.821098211524285748e+00
2.008862921026350890e+00
2.615735807103553023e-01
-3.659113186595460476e+00
1.108476200332113581e+00
4.685953059639489382e-01
6.052015184601522435e-01
9.056681650134983386e-01
-6.914179038485795958e-02
-8.446889415446132143e-02
6.461404463946163190e+00
3.495865621748373453e+00
-3.324263046619679862e+00
-1.274732907015236227e+00
4.629554084304810524e-01
-4.972318025192039581e-01
6.365238562146119383e-01
-1.784062161138423974e+00
-7.224559318656387230e-01
7.296696256264716407e-01
-1.005986114297852829e+01
-3.042865031915352958e+00
-2.186878786917959783e+00
3.038176731516263329e-01
-1.680543584264158619e-01
5.760436103232063898e-01
-8.035716881711001403e-01
2.595353595492787768e+00
-6.952758537898059643e+00
3.105617870470129382e+00
-2.646287193144322702e-02
4.645366496314468630e-01
1.773593270839865177e+00
1.582034849549233257e+01
1.008799848164870561e+01
2.928062904751033146e-01
-9.590319229006377677e-01
-8.248460071567602636e-01
1.781171723501882020e-01
4.124171682776309744e-01
2.283248133558601012e+00
-2.497080373846445323e-01
-9.474794266157682276e-02
1.149370375867327176e+01
-1.189829593660390872e+00
-3.720036491258909894e+00
-1.633384781084361137e+00
1.432124750100276955e+00
-1.215889380060432678e+00
6.322480026821485077e-02
-1.893972260892641257e-01
3.601068566877860366e+00
1.604445193665977598e+00
1.985516455669176006e+00
3.511107884458192219e-01
5.132395615262561606e-01
-7.468593125469628058e-01
9.326551349694087722e-01
-3.143954999116171045e+00
-4.648755665352186650e-01
-9.904503251160113875e-01
-6.463727244680916861e-01
8.662812440731052499e-01
-9.824322909777978285e-01
3.620588950007163076e-01
-3.664356339879739188e+00
-9.707397946291274060e-02
4.144134559186768207e+00
4.134741091994949963e-02
-9.979191868852804737e-01
1.329671663843112750e+00
-5.511952540773046305e-01
-2.211824312070844734e+00
3.657508284601964643e+00
-6.963406062692434340e-01
-4.478152049050140526e+00
2.588378227216913685e-01
-5.982720124639827608e-01
-2.256897880176187421e-01
7.690334632786688385e-01
-6.109172693729358894e-01
-7.054028811402174304e-01
4.717011384371005978e-01
-4.781844569721975802e+00
1.737860079502411725e+00
-7.870572051196855767e+00
-7.020048133081607800e-01
-1.094083726784416788e+00
5.762551634984551807e-01
-3.823535558998000905e+00
1.178932812231849203e+00
-5.846181107345812533e-01
2.110392240904580774e+00
2.898079859269985903e+00
-2.604365711457267696e-01
2.498408970735588319e+00
7.303292206638964945e-01
-3.991220675749850288e-01
1.333335772233712191e-01
-1.482717838344915773e+00
5.883335402883819176e-01
-2.465262877383157303e+00
9.111538413739634912e-01
2.836218520860997572e+01
7.148462122244325645e-01
1.958610301611308557e+00
-2.185962004554548033e-01
-7.155313555324545327e-02
-1.935926776212043876e+01
-1.109420898434150260e+00
-1.318164255074654623e+00
-1.573182802838933192e+00
-3.101054065299766460e+00
2.620684847611911117e+00
3.694153035170580068e+01
5.210322046406480334e-01
-8.254746950426735452e+01
1.943342877765355858e+00
5.730489404040245205e+00
2.303882900868370054e-01
-3.060825819897703415e+00
-7.070269634182693164e-01
-2.218814718134998643e+00
2.428258505451724947e+00
2.162255379930089205e+00
-1.093794797013100950e-01
-9.938226907137183375e+00
-2.023635950854340074e-02
-9.153902157081295066e-01
-4.944460490811339781e+01
7.753486626420338368e-01
-3.712983148237357867e+00
3.112927174023174981e+00
1.707896836971778409e+00
-1.872015969996861928e-01
2.027650425713187765e+00
2.315758422267202299e+00
1.576457986007581968e-01
1.645994794205587475e+00
1.490036194419480653e+00
2.281465122946849666e-01
-3.086498865399223135e-01
-5.783636319013218952e-01
6.728456595978568044e-01
3.463777002624709223e+00
9.406135843674189090e+00
-4.645549870692502470e-01
2.590962275862283448e+00
-1.239885777766291275e+00
8.040874928837404845e-01
-1.781997771399749020e+00
-1.625472384844850904e+00
2.309340515764154222e+00
-6.095119089539736912e+00
-8.517760798262150601e-01
8.387731221889087596e-01
-8.133811555564658402e-01
-6.573966001262128156e-01
-3.848780665550127100e+00
-2.531097895174561963e+00
1.644168087515834431e+00
-8.550410488277357945e-01
7.014002887366546091e-01
-3.744765698406442311e+01
1.614040202862010442e-01
-4.901303430424033269e-01
-1.655353197918457253e+00
9.006419862146897160e-01
7.569630930842998762e-01
