-2.235489209951080358e+00
3.727366495869019580e+00
-1.378984897697774992e+00
-3.809336208638181009e-01
3.342180687139678641e-01
-1.994067972635520380e+00
-1.236284633432148894e+00
4.387219353066727834e+00
-2.582446544393805610e+00
-9.059481981482855328e-01
2.537085881434365753e+00
2.333761442453308188e+00
2.594293798282257590e+00
-1.743637387343411671e+00
2.984278280902661784e+00
-2.042007912585149132e+00
1.079348305128247087e+00
-1.271286679057839875e+00
-7.662024536299008037e-01
4.164705335168896738e+00
-1.256089944023816463e+00
-1.346967664654951102e+00
1.413037030071495614e-01
1.316920512268839882e+00
-1.492937816057225087e+00
7.349394694257822547e-01
-1.328752975905342026e+00
-2.313967941451064547e+00
1.356736743193035721e+00
-9.266584397633490511e-01
-2.464413161659150919e+00
-2.255797176086876021e+00
3.947758232054393579e-01
6.706236951073041297e-02
7.416515573955321239e-01
2.714343555537377828e+00
-9.991335579302935699e-01
3.972500905878556532e-01
7.261684265623202794e-01
3.675517663890213171e-01
-6.989664305181642057e-02
-2.312508810028969020e+00
-4.261284512124812185e-01
-6.561336580317767009e-02
1.119952928579199591e+00
3.471890431742296057e-01
-1.022689950819089422e+00
8.029620782138792157e-01
2.739269594735605495e-01
-1.798394628295106212e+00
-1.050854808079602298e+00
2.683150880279366213e+00
-3.983003900397708907e+00
2.240015754970876571e+00
-5.888072834740576411e-02
-3.320951052735453546e-01
8.403728128904437433e-01
-1.737815549156030315e+00
1.955809727498740047e+00
2.092317727325992749e+00
-2.246291222055737613e+00
8.975644322318474533e-01
-2.301115540030947759e+00
3.263525205819605146e-01
1.570303370336755711e+00
-1.275104219724233268e+00
-6.133732239520903740e-01
-2.877814504462793632e+00
1.819859713974302684e+00
-1.646512225064353796e+00
3.269005234003860672e+00
-1.844076578116723653e+00
4.891034846316170276e-02
3.463911024345925904e-01
-2.325094301663229057e+00
2.079661862956300844e+00
1.117165310734311578e-01
-3.803555312500398244e+00
-5.494069194869698469e-01
1.655783244885315142e+00
3.371471910216277124e+00
5.788498885881587341e+00
8.348296548768237013e-01
1.297527589336715721e+02
2.579828017566226928e-02
1.098304392284044972e+00
-6.647390909482014942e-01
1.228274476778290492e-01
8.736929671584302559e-01
2.138709208222099534e+00
-1.924119607244527685e+00
-4.433486499333139097e-01
1.752566119165424929e+00
-1.263437904844988857e+00
-6.842457873570495508e+00
1.239255075137364770e+00
6.215787034607085371e-01
3.754255612508034634e+00
1.263334751811146184e+00
-1.132260661235696825e-01
-3.486468251430805410e-01
-4.556902380368339500e-01
-3.252027704636293315e+00
2.890102878643642903e+00
9.109169001002049848e-01
1.934992054131314809e-01
-4.507506655645060256e+00
4.314997772274962173e-01
1.513365313417685432e+00
1.674140213525765253e+00
1.037349315084477031e+00
4.959233111829768337e-01
-1.461542304118605529e+00
-5.779872622127562032e-01
2.917979584298960649e+00
-8.510835937519232175e-01
2.742485490933237458e+00
-3.179726786901579394e-02
7.354459629359197947e-01
-6.756875908371273720e-02
4.835878185557087039e-01
-3.486865973128693064e+00
2.430035953704181129e+00
-8.538126927572023406e-02
1.178045615849362404e+00
2.844702645010909414e+00
-7.974679587153806759e-01
-1.505530210109446543e+00
1.430782337532574999e+00
-8.070194772727219412e-01
-7.099933005660464813e-01
-1.808937458948422394e+00
1.734979060004683715e+00
5.157473761279451452e+00
-4.283559579389316418e+00
-3.010654766672073102e+00
2.148940447127434261e+00
-3.479965679643789667e+00
7.956980647846222388e-01
-2.306451852464113550e+00
-3.571341795420769571e+00
-1.934476831970595612e+00
-1.092279317473160649e+00
2.449204537407471793e+00
3.790223671725812538e-01
2.697740827892847637e+00
9.727811926974290202e-01
2.644960146520785038e-01
9.094954742002760995e-01
-4.006184208712969763e+00
2.014302731202647134e+00
1.366589227066569157e+00
-2.592274645643052322e-01
-9.542761305384247494e-01
2.634479165402082934e+00
1.146673807975829851e-01
2.745079162188631461e+00
2.930612988060466328e+00
6.314176782632239693e+00
7.456138678207682169e-01
-2.615792180460072558e-01
-1.181601598310242807e+00
1.939311332064717064e+00
1.939892864382408488e+00
-1.061088281848948434e+00
1.394883199060715784e+00
-2.616661541111536593e+01
1.349737464944192888e-01
2.931338546682075830e+00
1.116719649216055377e+00
3.485375187217298887e-01
-7.610840250102471893e-01
-8.578988777511157293e-01
4.558724505264924454e-01
-2.831030601863978369e+00
4.272498184556369760e-01
-2.312226163803862811e+00
-5.962905621582723636e-01
-1.917293210288617544e-01
1.630255815151243626e+00
4.624616408294556780e-01
2.507431561860947733e-01
-8.570386974908412725e-01
-2.541898332037981767e+00
5.397653156632801208e-01
8.745239432002078761e-01
-7.121676936856380369e-02
-9.153992038738760773e-01
-1.102659328280912732e-01
5.084690802964031420e-01
-4.384983941455519840e+00
1.002546841218014073e+00
6.278992541557614215e-01
-1.297026083142156061e+00
-6.046659638381028934e-01
-9.885015720688232754e-01
-3.781703520585586453e-01
2.063415199270385081e+00
-1.368718266785221349e+00
1.423359937835139810e+00
-5.960063222592135723e-01
1.750319368550278254e-01
-1.347790307266469867e+00
9.090948950216186653e-01
4.213430094135337534e-01
-8.636575514458205705e-01
-1.903923122839193738e+00
2.439759741886979860e+00
2.311135407998332614e-02
2.110225281814261666e-01
-4.236881398931616749e-01
-1.223432333634341562e+00
-3.018575144428302437e+00
-1.353603981395624434e+00
3.327240562884751784e-01
-6.305395231883753615e-02
-9.957955941288152424e-01
6.792341384227564838e-01
5.910006297758387817e-01
3.391122082278236416e+00
5.676915697380571224e-01
-9.010651936637181780e-02
-5.969532426387963442e-01
-7.561185824227489860e-01
-3.546796123994534478e-01
-8.423246246499787038e-01
2.510270532489610407e+00
-4.624066945728163347e+00
5.644277155976922256e-01
1.249896365599004966e+00
-1.552603955085090526e+00
3.970722268767163055e+00
1.078234496815310584e+00
3.965233135304324641e-01
3.537997522300352138e+00
6.929446652327474254e+00
-2.883594044572723725e-01
6.125782558370906905e-01
1.821240223589986496e+00
-1.898651687713074798e+00
-3.123527432900540024e+00
1.484137076503915798e-01
2.515328152783546489e+00
3.882516124311336192e+00
1.358930460021383180e+00
-2.514752376213663432e+00
-6.547776331684838524e+00
4.433353697773461555e+00
1.689075974707729078e+00
7.581857005392071969e-01
-2.270155060137419412e+00
-1.467014057501742963e+00
2.693461992192429655e+00
1.742685129118032306e+00
-3.836996278866265264e+00
1.347197313657894746e+00
-3.121248151018094497e-01
3.009367745630562752e+00
2.883466692120333796e+00
8.308983426584812815e-01
-8.800366661600903528e-01
1.660257666348964989e+00
3.135900561900429317e-01
2.981950773982348757e+00
1.723915114169698670e+00
