-9.463951209906669160e-01
-4.254507882715059530e-01
8.198132023748005981e-01
2.455999509954608084e-01
-1.946064291874385788e+00
1.080290353073618537e+00
-5.094808408774540442e-01
8.450263491301547303e-01
-5.138552628211273010e+00
1.323617650000589840e+00
1.644402337451631585e-02
-3.532653786298795229e+00
-5.043982877984227731e-01
1.865662267557312293e-01
9.897377926040249463e+00
-5.651724576810080336e+00
3.185483451576118924e-02
-5.023151930831087908e-01
-3.742164983619885588e-01
7.796430872118109701e-01
6.464954598495311622e-01
-2.467481716410031467e+01
7.234594862576410046e-01
-3.372786730118518594e+00
-5.463949122875507491e+00
1.943259650641724068e-01
8.606596736958429528e-01
4.037766149075312505e-01
-8.402070655561683088e-01
8.122729186493902187e-01
-5.571291606899975157e-01
-5.907439500709310565e-01
6.033712231348582478e-01
5.514110240837964971e-01
-2.097747736472106439e+00
9.649773642119621186e-01
5.184556928505181794e+00
1.145633961336373474e+01
1.113479494322077823e+00
2.920546099944581808e+00
2.377724826457363050e-01
-1.564435682980710896e+00
8.535049025248790500e+00
-9.867764305434784333e+00
1.644094349104028741e+00
-6.164327038847832174e-01
-8.067388568089350898e-01
7.979185516510232112e-01
7.868284546043840422e+00
-1.009730859732834496e+00
2.826340144607486060e+00
3.938455426540540261e-01
-1.053224897956846995e+01
1.347648305245572997e+00
3.354421749568128885e-01
-1.746191816559643728e+00
-2.611656240214317304e-01
-1.145929543828000163e+00
-1.133114486005250887e+00
-2.329031086051119859e-01
-7.713858488453891882e-01
-1.910908270267579548e-02
8.217037262286680521e-01
1.109880796399758784e+00
6.510666210695911227e-01
-2.011427761843243012e+00
4.272963202387196624e-01
-4.149024230872458974e-01
-3.857568649123609417e-01
-6.546732826699834806e-01
-5.622573303658234822e-01
7.781399541285568544e-01
1.244736855716560120e+00
1.832806272334683406e+00
2.453796393909357665e+00
5.033607354830996528e+00
-1.118948828311797428e+00
-5.420500719698885916e+00
3.551562215086369267e+00
-5.097510534008915073e+00
4.668269046645678877e-01
2.787493076477561171e+00
2.911558396507903268e+00
3.052882030079030447e-04
-6.499640415191011655e+00
2.107687348631296587e+01
1.495435089215838564e+00
1.369429755756006895e+00
2.849656360265754174e+01
4.119277378332223627e+00
-6.853224173819771892e-01
-5.903089103216254685e-01
2.698014918159787445e+00
1.430657949782805805e+00
1.051748839311773473e-02
-1.524341279447972042e+00
2.012757444141008545e+00
2.448783833483609007e-01
1.056666897258301985e+00
-2.423410645873540936e+00
4.522350513024842589e-01
9.449455538318924860e-03
4.233711180544600383e-01
-3.464817783738691315e+00
-5.441242025059276344e+00
3.713348592003708204e-03
1.171982671804666420e+00
1.407650856401013950e+00
2.099613555494068695e+00
-1.565304251557286142e+00
2.790608920056566467e-01
-1.525091007505511520e+00
-1.835428709528622582e+00
-2.319053116672149528e+00
-3.181704981542426425e-01
-4.598194433535067738e+00
-2.103624494802633638e-01
4.263480339425629317e-01
1.482548503658998929e+00
-6.478838630823131606e-01
3.013303310160306836e-01
6.375747626965062587e-01
-2.344436824826625632e+00
2.338498065848056751e+00
9.910979686969794145e-01
2.087721098906277106e+00
-1.438112343384852387e+00
1.214090314640036361e+00
8.980459682697273793e-01
9.054319487966793201e-01
-1.664571171966837682e-01
-7.699963547989925328e-01
-2.565806680513035065e+00
-8.292509812014804416e-01
1.097091612838397845e+00
-9.126786090745361291e-01
2.374303226745960060e+00
-1.853939982798905373e+00
-2.240585636455208821e-02
4.400684302223665800e-01
-5.398725108965101160e-01
9.897210378041154666e-01
1.350009992573152129e+00
3.119741410990952701e+00
-9.584694824836442750e-01
1.993755320014348464e-01
-1.670181227607821228e-02
8.039377816111232811e-01
-2.870089375671838750e-01
2.511685598177297418e+00
3.102210648355151479e-01
7.459146560391678449e-01
-4.699200739752439071e-02
5.951162932635948311e-01
1.930997252632210004e-01
4.417871000517205327e-02
3.032537480931000839e+00
-1.129067533043176308e+00
2.911099296973710393e-01
1.093187782878264208e-01
-1.398577842462777887e-01
-2.880228087617614507e-01
2.978542778215116371e+00
-1.062449784926176655e+01
-1.766372195511424881e+00
-4.074663065604486323e-02
-1.494204834722117070e+01
-4.677554964704634319e-03
-1.587341221370058175e+00
2.493334198011701863e-01
1.661838099595381424e+00
3.811738609594619298e+00
8.698627382222348103e-01
1.616679598379365812e+00
-4.478118352086587484e-01
1.165148163936649439e+00
-7.921994779171903645e-01
1.876949355559442090e+00
4.433749628450738278e-01
-2.173921053429088701e-01
-2.853796588578695892e-01
-6.274874637697896995e-01
-2.856868418701993040e+00
-8.643629636315552922e-02
1.299039976451075162e+00
-4.804695742337429243e-01
1.626957612773560991e+00
-7.994364995373487437e-01
-4.265196936528191651e-01
8.682900929636117038e-01
5.988501136573802341e+00
4.541186519538037425e-01
6.300152258846686948e+00
-1.491496808464128243e+00
2.023721080031896324e+00
-3.652767301032107561e+00
1.373634609039984522e-01
-1.087553965692492852e+00
1.439407691519722121e+01
-4.422020054078050766e-01
2.659038182991467769e-01
-8.893084365348724596e-01
2.344028656794868992e-01
1.513760912286268856e-01
9.352370680617496657e-01
-7.199628994141562544e-01
-1.823824284893411418e+00
5.096324062645861019e+00
9.182635181336721436e-03
-9.269418000115323686e-01
1.091357788158756392e+00
-3.982221125827921371e-02
1.856754422417670192e-01
5.220846298640601235e-01
-4.164932379773620963e-01
6.514370239261679796e-01
2.327279571259241120e+00
1.543464673947390509e+00
4.436690221949213253e+00
1.134918218300970505e+00
-2.296750759244393092e-01
1.332387236470593317e+00
6.238927731901425799e-01
5.435436778217159759e-01
-1.785917364198687851e+00
-4.278330205058206159e-01
-5.543405686466302829e-01
1.058700026642328673e+01
6.506161394629074168e-01
-1.166586269306314705e+00
5.740275223066992893e-01
3.263024530069959184e+00
-1.228893394403528294e+00
-3.139350412546243696e+00
-1.060191282195905638e+00
-4.285512538819781225e-01
6.121918252665585758e-01
1.865913939723698123e+00
7.397740944846621147e+00
-8.672614650466793362e-01
-2.151631017696423731e-01
-1.152309287053333131e+00
-9.941664864489991871e-01
-9.840339453932757108e-01
1.286787698274294556e+01
-1.964664739837497676e+00
3.809932539534990337e-01
-2.426629112132202781e+00
8.933054999018853748e-02
6.525136307046257578e-01
-1.062746500473624067e+00
-7.179748484736584446e-01
-3.515035963988970280e-02
-8.971836581100540720e-01
3.331621518116281710e-02
-2.067062912451476941e-01
-4.255767799655323924e-01
1.867555130319039858e+00
-6.299766602677150384e-01
-8.004219065175828263e-01
-2.211535576843211892e+00
-1.945025926684863959e+00
1.343836795927874750e+00
-5.325709246354936033e-01
5.161619638854164194e+00
