6.898874717492151643e-01
-4.963534445884553392e+00
-4.612951555787587754e-01
-2.929927750565469030e-02
5.848924837962376166e+00
-1.378539469350520408e-01
-2.682556403600202088e+00
-3.167991183918909215e+00
1.935181867593396277e+00
1.175451163089918094e-01
-1.192732292372328473e+00
-3.976954850989602441e-01
1.489301305096802253e+00
-3.197248727682703850e-01
1.085827626077856323e+00
9.206448905570748797e-01
4.939929067728363599e-01
-2.715619876815225098e-01
-4.087759703085272811e+00
8.845613622454363556e-01
-1.095477591399066419e+00
-5.256745118573480369e-01
-8.936591099244495240e+00
4.219524526483325877e-01
-1.870327230186250800e+00
5.837134345853772777e-01
4.361680585868785265e+00
-1.099254234413700626e+00
1.914602906061558529e-01
-7.709022685891078197e-01
4.443854136104559149e-01
-1.864804836670645338e+00
-1.086755185407624724e+00
4.886546988600613872e+00
-3.395859128131841764e-01
-1.945466416891640238e+00
1.112548201250745716e+00
2.009926239888301325e+00
-1.121501518985356771e+00
-2.291491357656984640e+00
-5.467197324996462271e-01
-2.000148907493363437e-01
-1.381262210693631198e+00
4.291713478563713990e-01
1.844878726534530111e+00
-1.099179651787293377e+00
1.639829435350067754e+00
-9.159928372132644103e-01
4.863475930366768785e-02
4.862348295684987276e-01
-4.906552856936984286e-01
4.578228584494387632e-01
-1.596571381727223127e+00
4.910730628822743693e-01
-4.410075336774834653e-01
2.783102556173560060e+00
7.447790595021153148e-01
-5.469266583426137629e+01
2.868712531650539077e+00
6.098208326170924565e+00
-2.559571689514529069e+00
1.904121792175412775e+00
1.055805192616666277e+00
7.496818494111034958e-01
4.772797134284109677e-01
-1.958776599741389179e-01
-4.732397522893496689e-01
3.657640461975873336e+00
3.769915838204208836e+00
-1.384948961354487765e-02
6.586806967083429221e-02
-5.478181498722465292e-01
-8.970516452198226132e-01
2.995930058577024879e-01
-3.702659159218104179e+00
-1.199172895293258989e+01
-1.595597245615016258e+00
1.314881275840156682e+00
-1.660912289025632260e+00
3.997626413696482861e-01
-2.194692869966901050e-01
3.266212570352715261e+01
3.609506205288459668e-01
-1.209598533847159763e+00
-1.590349326290162679e+00
-5.459151836823663562e-01
3.879828386543300311e-01
3.935862172863618724e+00
7.796713399416532742e-01
5.795077821518876959e+00
-1.581386002800215129e+00
-4.828506687678946196e-02
-1.022009834691065544e+00
5.933258380839534496e-01
6.003697001700044611e-01
3.600942373464024460e-01
-3.842351204346126536e+01
-4.918079935168477301e-01
2.174035507391277378e+00
-2.149327047409750058e-01
3.958678282095773771e+00
-1.961258873150087401e-01
2.675828522720659075e-01
-8.800178065365885649e-01
1.755146195641888729e-01
-2.518085920944918010e-01
-2.808143355338941216e+00
-2.417560266079631148e+00
-8.777071725578359240e-01
-3.180559067823995889e+00
4.978074465618211875e-01
5.539538541093063095e-01
2.110123900785445261e-01
2.471740517189692010e+00
6.045794318100561338e-01
4.142336128936098261e-01
6.407201814022420727e-01
1.270268236695460518e+00
-3.583325766023018666e+00
-9.395791108697714833e+00
-1.033238905117570328e+00
-4.662388094026082702e-02
-1.094085652509148576e-01
-1.164161459123882558e+01
-7.358954798404210296e-01
1.262775332089192126e+00
-1.840049758825003767e+00
4.039117531502391945e-01
2.037214885287861599e-01
6.295921342537291743e-01
-2.402959354559456084e+00
-5.519341613021069293e-01
1.201175634499184186e+00
1.737760235164358846e+00
-7.954661078550909759e-01
-1.331535633910996719e+00
-1.268151019592838047e+00
2.837949338890888296e-01
9.293119544149299749e-01
-1.000225350684144310e+00
-1.768795485875659379e+00
-4.270853044294948830e+00
2.116042686523538219e+00
3.461287694413933136e-01
-2.333276579567346021e-01
9.412571036965331484e-01
3.055265741759608744e+00
-4.354810355786877807e+00
1.612955916067360107e+00
-1.438506439268318005e+00
1.778516835706604127e+00
4.750876476281074012e-01
1.037633792939318456e+00
-1.952872047438242387e+00
-6.414703909140300198e-01
-1.783452920557078158e+00
1.816544443974667189e+00
2.716749416839298603e-01
1.022323407493141323e+00
4.496216272642600487e+00
4.445296307024321214e-01
5.079288625624388542e-01
-1.640628287213226955e+00
5.265704166964995991e+00
-5.660933123955012025e-01
-3.766645165922116067e+00
1.295182201543401801e+00
5.132939348391419854e-01
2.733009421324521959e+00
1.428088420267407122e-01
1.442529409288587861e+00
-8.541091246194646436e-01
7.040226444337627232e-01
1.126647368211500577e+00
1.166402586332599078e+00
8.151481774789280932e-01
5.190334856609560843e-01
-6.865726220337080576e-01
-7.218464960295893462e+00
-1.835974588280498906e-02
1.025997963040041483e-01
2.574731544319308618e-01
7.772476720742786151e-03
-1.376044627545823129e+00
-2.902796116892536471e-01
1.074551313542402575e-01
1.338573575013258132e+00
-5.973463773819904787e-01
-4.539558588606882328e-01
-3.478952354653612744e-01
-8.222114947698393461e-01
-3.975653438066662493e-01
-2.195842355630526210e+00
3.892119392101945491e-02
-2.045747387277210283e+00
-7.523845867926343800e+00
1.378400929697134902e+00
-1.103818597796715206e+00
-8.356915565905453924e-02
2.184927705449368762e+00
9.386429531454298925e+00
2.864440173178831373e+00
-4.208500634561310960e+00
-2.314801516933187475e+00
-9.828765485205775976e-01
-1.310970549748128988e+00
5.615348642773094756e-01
1.585583370526064906e+00
-2.422421951723702921e-02
-8.401042616437350841e-01
-7.138080823407966236e-01
-7.295908464259150961e-01
1.380359883743945471e+00
6.836642203462334200e-01
6.294548010890509415e-01
-1.217739041775806275e+00
1.290877562859325423e+00
6.581281867823061127e+00
-9.968239985184407237e-02
1.541629752424765076e+00
-1.959022542579583748e+00
3.360664785916741559e-01
8.359463701539251446e-01
2.310198227884312949e+00
-5.396322953877642492e-01
-9.415048576575514305e-01
7.533344588878537751e-02
4.845947104835331309e+00
4.397425689161619244e-01
6.279113511529262226e+00
1.535519155815240344e+00
2.497701937174377385e+00
4.599799833618376077e+00
-1.411106661437547816e+00
9.021974531898357963e-01
3.999426461834493907e+00
1.174794111645214301e+00
1.782145858893307899e+00
3.021136120554163140e-01
4.507138735926023543e+00
2.974350703560205034e+00
-5.624209667336224072e-01
-2.027297967732394568e+00
1.084992582556717267e+00
3.552084380750707426e-01
9.881436782098873550e-01
-1.377267595467420502e+00
1.687625606607947304e-01
3.804377254311931689e-02
-1.962681952963283294e-01
9.465224522998536560e-01
1.464520517519835474e+00
1.735020049017139687e-01
5.414063930908739886e-02
8.044130502025602369e-02
-4.962271519428663180e-01
-3.214637136837288800e+00
-4.068912007869438519e+00
-2.294683086837171482e-01
1.588743892984634254e+00
-7.832817698182206190e-01
-2.655736909298279658e-01
-9.013473924144541627e+00
1.029645295108092551e+00
6.866232767037693252e-01
