3.435425221366436022e-01
-9.378021756309709578e-02
-7.626140878933711953e+00
7.377041965073166452e+00
3.420604623669195821e+00
1.209426018042427886e+00
7.654081794190016552e+00
1.866834937383032633e+00
6.892376788208821381e+00
-3.343569950294639170e+01
2.041800536007778888e+00
-1.706315950989165664e-01
2.660768184618300225e+00
5.002798628345048737e-01
-8.458376032531504940e-01
-1.360268976012293685e+00
1.365871100181811626e-01
-6.767497831642236505e+00
1.374925786246873061e-01
1.474832029533138800e-01
1.452345511328139382e+00
2.067952918562155240e+00
-2.811020730081650876e-01
5.173769358308231148e-01
-9.417629955952452336e-01
-1.082416865338832745e-01
-5.792796693761426141e-01
6.038233584003771526e-01
1.084065342404699539e+00
2.326910727565969061e+00
2.047514822291334469e-01
2.868449018301928888e+00
-1.704162866707763069e+00
1.703569199180421379e+00
-1.805524532857127884e+00
-2.332921788115355444e+00
-2.033642352408901732e-01
3.319862838223316182e+00
1.452146351058861473e+00
-4.953644764648390542e-02
1.480431799034632068e+00
5.471208245706922213e+00
1.677190229243210373e+00
3.433900058735114946e+00
-1.346423117138446646e+00
4.723032775350789692e+00
2.140692546290432929e+00
-3.562670794827762055e+00
-1.137056229245610339e+00
-1.413448808989213212e+00
2.389620642145986906e+00
1.669962931549759499e+00
4.206151931809376521e+00
8.115345579720410762e-02
-5.959144017674498084e-01
2.156809192836732336e+00
-1.061013677179937359e-01
1.758299101061974845e+00
-2.159815769994824497e-01
1.902198608996256723e+01
-3.094954298538428183e+00
-1.626017451366912336e+00
-3.519083263172851694e+00
1.323079756250411521e+00
-5.191295901944290847e+01
-1.019567509286054691e-01
2.541020344261628594e+00
2.675255442969478281e+01
9.960936478360815638e-01
-4.228361889360852111e-01
1.870096493391090631e+00
4.305347339605080648e-01
-2.210577094378809893e+00
-7.687715435824530985e+00
-1.711258055952793011e+00
2.792183034512353945e+00
1.037615589928628512e-01
3.885383170855521984e-01
-3.426629478169770149e+00
-1.703904234148984620e-01
-1.400738568182734234e+00
-1.505480981562980602e+00
-1.625192300962721381e+00
2.291110388560121169e+00
1.232668026776929082e+01
2.316096554826541976e+00
-6.950598445751683396e-01
6.000918367411482990e-01
-4.615195107184939527e-01
-3.985001773767975930e+00
7.510400836330968222e-01
-5.819634829357593020e+00
-1.706590511969794166e+00
2.414346330701929499e+00
2.042324916322564743e+00
-1.284583083072045939e+00
-5.178805773691223635e+00
-9.072092936570236299e-01
-8.102831269956142224e-01
-8.970139856965810843e-01
1.297881121217844935e+00
1.249570789689333239e+01
-4.322213934034365934e+00
-3.107115548208988276e+00
-1.261608603243445481e+00
-8.050075543731677996e+00
6.993340808234080885e-01
-6.806528722657532171e-01
-2.921546724596775224e+00
1.026372722860199316e+00
2.890832580452128653e+00
8.883825378481361446e-01
-5.744403235042778721e-01
-7.761419626166941033e-01
-1.091433614463838686e-01
1.285436349285821844e+00
-1.981754384573123140e+00
-4.826025645287288057e+00
-1.469333127348807500e+00
8.408511049252508363e-01
9.979241036775459150e-01
1.231140974581912059e-02
3.490281120198259757e-01
-1.838344040894468456e-01
5.467649510148890890e+00
1.227567859898128777e+00
7.377254108373174635e-01
7.764140027916882625e-01
-7.324929400711301497e+00
-8.154267805072695774e-01
1.630185191673282075e-01
1.363944755433263781e-02
1.138495083261070739e-01
-5.894074969670958231e-01
-2.057975441300047947e+00
7.102708247148028509e-01
2.667129254564968854e-01
-1.112387787630167713e-01
-4.665710762785913346e+00
-4.875333733922811774e+00
-1.674269763932981325e+00
-2.111057019450863770e-01
8.272839554930846440e-01
-2.024472965738420172e+00
3.210535460268964414e+00
4.519882423413179140e+00
2.783070613321623199e+00
-7.590901893924298927e-01
1.269948973188658403e+00
-6.698055652434982576e+00
-3.936145603504455526e+00
-3.756648325345928630e+00
-8.422005080341358196e-01
7.673522971426101347e-02
-2.136324207383722973e-01
1.717756612963306839e+00
-3.577233289783008807e+00
1.306754717505767438e+00
-2.027546907886741967e-01
-1.864824577976951225e+00
-5.263312210916954115e+00
2.606536438616140039e+00
-3.191553202720810134e+01
-4.180993051288268703e-01
8.135412879198668235e-02
8.334382407032845386e-01
5.557059738505525370e-01
2.085344881911629145e+00
4.488184177380139417e+00
-5.819025425856865219e-01
2.311659648076794249e-01
2.066405127261082164e+00
-4.348735923350680821e+00
-2.062509438200603729e+00
8.113331670941172913e-01
7.000556034086338197e-01
3.556725337055469893e+00
-1.609379144887050361e-01
2.867000061399761490e-01
-1.821165548332120299e+00
-1.702802895123831206e+00
2.152815030748879699e-01
-7.917705242171262370e-01
6.334746085972735585e+00
-6.888457790042998852e-01
-6.188958227836316439e-01
5.099335480622371364e+01
-1.327624913143767182e+00
4.541255763556710789e-01
-5.193602686064437146e-02
1.430113855898242470e+00
-3.592084677497353162e+00
-1.997723770841009605e+00
8.882599378319676831e+00
1.224356735714289962e-01
9.880233480337611951e+00
-1.165519764518460732e+00
-2.597054406188029629e-01
-6.048731243223303133e-01
3.275838117708209651e-01
9.089701317313177986e-01
-6.530858017402950688e-01
-7.320600789306355161e-01
-3.130533384704843325e+00
7.836302220791840911e-01
-1.490473524682677686e+00
-4.283717488071864921e+00
6.138212915063223640e-01
4.570159498422462718e+00
1.210572548118249880e+00
-1.152758900889944371e+00
1.182997859449048228e+00
-1.420742860654141460e+00
-6.303067898556973248e-01
-1.085762723875890234e+00
9.098182991119232454e-01
-2.267867744889302539e-01
1.170096623438720285e-01
1.700346972433879777e+00
1.172046804335516029e-01
-7.305711364227744919e-01
2.743764507863739599e-01
-1.881391131046459053e+00
9.697813682564331295e-01
2.233230618242265209e+00
8.732521686822081186e-01
4.441197339072883166e-01
-5.089716564402609889e-01
-8.612677086439788354e-01
1.895584740178528182e+00
5.461108346856666795e-01
-9.575579734989843050e-01
9.003306362368910243e-01
9.359712074201188559e-01
1.611862712470421144e+01
5.074760975282907793e+01
3.655805411417971662e-01
-2.052584492402313998e+00
-5.112726513690581953e-01
5.382365239129194290e-01
-2.385856635571607764e+00
5.680662596037113765e-01
1.328461609740745564e+00
1.368014421055574559e+01
3.852571581963353808e-01
1.703069760398064070e-01
1.138181599457248616e+00
9.587213611798808821e-02
5.486224031667699563e+00
-4.329682681479116724e-01
-2.212661799671607477e-01
7.595454659058639146e-01
4.397961722802671858e+01
-6.774199095659415304e-02
-4.756282087922851787e-01
5.455543932301335636e-02
-6.370918824074889297e-01
-1.562360929011150923e-01
3.780852775956370238e+01
3.016591604012048400e+00
-2.821927664373662381e-01
-6.417052498774263869e-01
1.122159358598114887e+00
-1.964298465393174098e+00
-8.244598600352804896e-01
