-1.000543753790740453e+00
7.335959343415334732e-01
-1.086176371158040499e-01
1.025252907801208924e+00
-1.292465983817449704e+00
3.816655549663359182e-01
5.997491754621160354e-01
8.399731879084917363e-01
1.354049317189131907e+00
-2.739902700714591521e-01
1.896692908957817281e+00
-3.610439604768100885e+00
-1.652019455516238855e+00
9.143047418963199391e-01
-3.424991615922061694e-01
6.713820808139636664e-01
4.369484539475236851e-01
-1.695017839334092891e+00
2.719127325891568248e-02
2.121916586481618072e+00
-2.590600126455073760e-01
4.128074028391487404e-01
-3.138772043886615126e-01
-1.488316822691913233e+00
-2.373262318538828519e-01
1.326344187586558476e+00
2.148518340853822650e+00
1.423610840565940894e+00
-4.921907917767694762e+00
-1.650564993145325676e+00
4.355355139352962368e+00
8.766093582009668594e-01
7.917205725949462728e-04
-5.924623944418783150e-02
2.263563518002380981e+00
2.022447968441681176e+00
-2.454017655890627481e+00
2.785888903190728350e+00
4.978720027412483873e+00
-2.061927475621533890e-01
-4.748984164039038447e-01
-1.863094991243386678e-01
-1.411115814067869678e+00
-2.170609233715028452e+00
-2.895906263270118242e-01
-8.722007460505840637e-01
-5.055386879634053088e+00
6.156966738832124975e+00
-1.139679471529624788e+00
-1.879048021331474638e+00
-1.599435541536049943e+00
-4.358409914330204638e-01
4.511861747881896756e-01
2.820276908403617222e-01
-1.299353547734281689e+00
1.036294097723848173e+00
-3.373751148108119491e-01
-7.386933579275237194e-02
-1.454599226365665299e+00
-1.820620091548698749e+00
-7.893643471355014096e-01
3.295513499025454207e-01
3.376552464001074672e-01
-7.720690051933607467e-01
2.146602948009773471e+00
-7.390188613950599006e-01
-2.029297702563148675e-02
2.706456567937588487e-01
1.949084792014527334e+00
-4.488613382920342287e-02
-4.197443611381555861e+00
-8.192968666483506635e-01
2.299274421020956749e-02
-3.309872569568201861e-01
2.310604388452515701e-01
1.124336988824503392e+00
-3.833206920464289791e+00
-6.261985807607262089e-01
5.076975624586543834e-01
-4.435728321867099533e-01
-1.287836830247887754e+00
-3.615875826111802915e-01
6.051215638972744273e+02
-3.479844055516197465e-01
-1.642480524360527827e+00
-8.887483795426490696e-01
-8.513750091608918158e-01
8.667321289262062134e-01
-1.663070936729059424e-01
8.001233385823769417e-01
8.635972893839187758e-01
-8.335302378983167060e-01
1.668687201597409686e-01
-1.214604255188193260e+00
-6.190804154386107469e-03
1.532958542326399609e+00
-3.246223733972187220e-01
-2.154475057799554616e+00
2.405742323635879920e+00
-3.260015918089920195e-01
-9.968785729195381862e-01
-4.715178886320646745e-01
6.341446221897927282e-01
-7.866486846047480164e-01
-1.501518455313576306e-01
2.125166346342442836e+00
1.789337979180022575e+00
2.756065303043246928e-01
8.303193220161197985e-01
8.357579447463792111e-01
1.046859760029991593e+00
-3.552971322478000182e+00
-5.155247747000855085e-01
-8.470847286294949097e-01
-5.968593858405556868e-02
1.812316013234588130e+00
1.466636988310773493e+00
9.928698779442721722e-01
-3.958887178753869307e-01
1.570669429643375858e+00
-1.818241391639504378e+00
7.456947626367366189e-01
7.733875117569191660e-02
-5.827510116611864799e-01
-6.674940999402830810e-01
1.793377841879459478e+00
-8.799527960711404084e-01
3.115728452651541414e+00
-3.133186104888621148e-01
-1.176292626825055088e+00
-3.564497825567838896e-02
5.773430053705875586e+00
1.317484829248957379e+00
-3.454894003657540846e+00
1.509729051224450336e+00
1.194630384097900455e+00
-2.026979437661706740e+00
1.591022794714156863e+00
-8.417704347823725675e-01
-5.703375940509298747e-01
1.818654503551641932e+00
-1.028568014649539730e+00
-8.642448230478205762e-01
-2.117237077193867556e+00
1.227695997440745979e+00
2.226346623293321558e-01
4.029469672163901173e+00
1.266007245768280498e+00
2.124563723372357993e-02
2.460363558351338908e-01
-3.166957588485178055e-01
-1.436503577228720907e+00
4.698884360174547581e+00
1.084082282401843234e+00
8.880096397802479391e-01
-8.548865924327798682e-01
-2.562519987726897153e+00
-1.196963836597725983e+00
-1.834509075642829501e+00
-7.596847831989979039e-01
-5.667217605065102415e-01
7.501762850301850472e-02
-1.594528871439282014e+00
8.869408927422358646e-01
-2.385416591163000088e+00
-7.542627269387409683e-01
1.801166593704431218e+00
3.001925754758223430e-01
-1.894833349656798172e+00
-3.405252790948116726e-01
1.207545455139855228e+00
4.039410343300706696e-01
-2.298609324748499549e+00
-2.683749487382119381e-01
3.081816437388757990e+00
-1.889943595105922636e-01
7.705963665176522870e-01
8.307240585204664907e-01
-1.611833332181177525e+00
-3.606013706925326884e-02
2.228132296950346092e+00
-7.123147198596067042e-01
8.026166204242315416e-01
5.835359319652331234e-01
8.736182829002147043e-01
6.810379818320591028e-01
2.416411657609314201e-01
5.392036338500871828e-01
5.303499346533513403e-01
3.852698119408826116e-01
1.058103652040562004e+00
4.882630196269577838e-01
1.696589383175302945e+00
5.398441457671773192e-01
-5.478182304153729199e-01
-1.146386347610390544e-01
8.305780741059454186e-02
7.061082916858503200e-01
-8.874514213866344647e-01
7.769443256441955770e-01
2.126962739509301592e+00
-2.412150848349686738e-02
5.494289752387404580e-02
1.023105804538762875e+00
1.212700569606697476e+00
-2.427703334896490484e-01
6.047333970542392301e-01
2.438318330266514344e+00
-3.428695144791785721e-01
1.265407056258658347e+00
2.058188530178810538e-01
-8.933256046994242361e-01
2.286925819263537774e-01
5.111296664342713791e-01
2.473244868509806516e+00
1.292945710002924575e-01
-1.027239107701433785e+00
-2.087982362387262869e-01
1.182520174597270213e+00
-1.483015137362153402e+00
-2.133182516948091578e+00
1.374238650495080982e+00
2.525423198128526892e-01
-6.118850441566152654e-01
1.774311664783857934e+00
8.295824986758428832e-01
7.998144143306622489e-01
4.748063677189215959e-01
2.040093738743719243e+00
2.799992040174015706e+00
1.357813525607194594e+00
-1.769079254205940255e-01
1.706791685318105323e+00
7.783447398008356277e-01
7.633211635969363584e-01
2.399311576049051098e+00
8.888486333738665479e-01
-3.202763993494979200e-01
-1.174857579657349937e+00
-5.462635041881429565e-01
1.931600370517010390e-01
-4.807432018812920482e-01
3.830734951596878046e-01
2.181071791213013700e-01
-7.683151108153943865e-01
-6.422841108815582345e-01
1.303614257994155423e+00
-7.202033964290452950e-01
1.930522367983263377e-01
-4.035157573521638286e-01
-3.504883889642402828e+00
1.493264829584166342e-01
4.368049967867270733e-01
3.034411135866148079e+00
-6.448740202478847605e-01
2.011889194122480629e-01
-8.030792739977541186e-04
-2.674609452944953780e+00
-5.189979233692346705e-01
-6.117350902141323044e-01
4.318872747800445722e-01
-4.833374773280659231e-01
-2.516320068352044359e+00
-1.977440319435267213e+00
-7.498082825507450533e-01
