-3.665955589567683748e-01
5.025344958036387588e+00
-3.139198721465065400e+00
-5.197572828486838326e-01
-3.960036219145637304e+00
7.251077335797882384e+00
8.401698026879227399e+00
-2.628255279184050330e+00
-1.683310525116066714e+00
3.432120809878960177e+00
-1.696061386987515629e+00
-1.047736774993936359e+00
6.023763953938892496e-02
1.108605207969844964e+00
-1.176464903408930729e+00
-1.624084954654916979e+00
-5.450090109153216122e-01
-1.895026149986257513e-01
-2.030392138418119430e+01
3.621022805440446968e-01
-1.809619532242519035e+00
-1.256861470174990725e+00
-4.946232031751250924e-01
-2.218688720202481868e-01
-7.798381991132454782e-01
4.268419581019579745e+00
-9.730010721789223993e-01
-1.085782475081833454e+00
7.155245913268419578e-02
-4.222999821998909553e+00
-1.733700802944734498e+00
-8.200837660645048377e-01
-1.604699857088369264e+00
-1.010663187086064951e+00
-9.186894291108896882e-01
8.284410679575117120e-01
-3.740225490682844622e+01
2.392666407496422676e-01
-2.725352124291160472e-01
4.202284738582032220e-02
-2.474208035487985846e+00
3.740209553211326643e+00
-3.249165670740052914e-01
-1.054679108892904837e+00
1.070486323789731076e+00
-2.254107319336750681e+00
-1.485896178952925251e+00
3.697321192744196239e-01
-1.149010781704950246e-01
8.615644818147830675e-01
1.390477078884586382e+00
-1.024804950025629102e+00
-6.050071732382896528e+00
-5.834317507651621826e-01
1.491883078803291768e-02
7.452439347618062815e-01
3.195177332063706827e-02
-1.166002669917091339e+00
1.097075097780271902e+00
4.497518803906899731e-02
-5.636152369634043202e-01
-6.194114309976246346e-01
1.621615835568723085e+01
8.612905971877488076e-01
-7.771799854611077807e-01
-4.084274620443084647e-01
3.455661575657816176e+00
6.071668629791838967e+00
2.246867464021031213e-01
5.345968572761274906e-01
-1.625623835839750675e-01
1.597296253183667858e+00
4.954036059490858346e-01
-2.352464677564962248e+00
3.911299467410715991e+00
-1.894704343471619534e+00
-1.574411602927869303e-01
1.351504051459331279e-01
7.058119769083524009e-01
6.952153933942434305e-01
-4.211573667732188553e-01
2.226602411582512708e+00
-2.200025734211822837e+01
1.098143529926000728e+00
1.328664004562919665e+00
-4.938701147274532133e+00
1.468494713780770899e+00
1.112470724014723800e+00
-4.756583122659977292e+00
-3.338355830128293178e+01
1.314575218609547314e+01
-2.455995509290433532e+00
5.727316264718131794e-02
-4.702449173735140930e-01
-5.141740319070486898e-01
-1.238209649726870643e+00
1.934636356243134792e+00
-7.984160220730616986e-02
-3.886124594741348304e+00
-7.196332457543608285e-01
-4.217581070652423492e+00
3.552331582521433440e+00
-1.700180384765867414e+00
3.090731390666328515e+00
-4.295449912217207178e+00
3.409811466602517549e-01
1.922906818143451213e+00
2.192483174828992354e+00
1.665943831242379991e+00
2.814548178461372618e+00
-3.597540788464620931e+01
-3.678873637144078668e+00
9.633275169378443525e-01
5.732253139637034645e-01
1.871808005450981138e+00
1.096102144422644642e+00
-4.136150963070164832e-01
1.873371125164265960e+00
-1.086542841036978402e+00
3.196814561755050299e-01
-8.807460024193969339e-01
-1.067370241433454048e+00
-1.817659801473115788e+00
4.795490709417724040e-01
-1.107385385261649979e+00
7.394418185474066485e-02
5.291345030442545783e-01
-5.973165645227105358e-01
3.902909944243260210e-01
3.693553612335959713e+01
3.625465978582772530e-01
2.562534158197141032e+00
-4.010687613589348111e+00
2.917701055193269166e+00
-1.453925830742796688e+00
2.732579402733230634e+00
1.123382549816933917e-01
-4.974891459748342015e+00
4.542151189254080013e-01
8.046587549592743471e+00
-4.686851147725633604e-01
-4.912635308093833975e-01
7.830805330345733672e-01
9.378303366107033634e-01
1.098660835793623169e+00
-8.409434961419330889e-01
4.675204983766700906e+00
1.369281875955386862e+00
2.814566361763531699e+00
-3.871728294667043713e+00
-5.362331942872825330e+00
-1.889821920478841122e+00
-9.210107955462671914e-01
2.024998713381829685e+00
4.909819349241784092e-01
1.787526997990911415e+00
5.895299100744440940e-02
-1.117019075165402553e+00
-1.635922738463955639e+00
1.120987122408428238e+00
-1.949620741459690221e+00
-2.096945924678356166e-02
3.704470485304731664e-01
1.136542813766634019e+01
6.699609792737555303e-01
4.046228505285554888e+00
5.134896901453307461e-01
2.237357221986899791e+00
2.529327367855712883e+00
-6.765136619391622474e+00
-8.608977964924317661e+00
5.639233332238266172e+00
-3.091543518216307351e+00
1.528918541112100016e+00
3.701029008112666219e+00
-1.699211994299036355e-01
4.228742282743633285e-02
1.036361986724896989e+00
1.150218734013441324e+00
-6.072830318986348175e+00
-1.418945076926743543e+00
-1.075976682205397772e+00
1.320878358718361900e+00
1.016204188083223436e-01
5.600548641749792722e+00
-2.381002690869533645e+00
-3.046403033339036615e+00
-7.144333696806846046e-01
9.680034088433128736e-02
-2.894873627166776764e+00
-7.657841652505141816e-01
7.215842460603391073e-01
2.359005420875415759e-01
-6.939704627912169244e+00
3.077584486091375915e+00
-3.741173090534490320e-01
-3.882069131412314356e+00
1.325177746385116873e+00
-4.643936217904326424e-01
6.867476055719200501e-01
1.447584332952505992e+00
-3.365905989632695494e+00
1.508644867775664755e-01
7.219388688118588693e-01
-8.699953756664244864e-01
2.559423595413725039e+01
-1.845302388084487655e-01
-7.928521984352306928e-01
-5.744061753523592273e+00
1.010391842350245595e+00
-1.241828438507755594e+00
-1.055197028769167655e+00
1.411451909027722662e+00
-1.170638480218665123e+00
-1.505725143353521922e+00
4.139803152657917096e+00
-1.937465367506105984e+00
2.112673278003901700e+00
9.911593530443693068e-01
-2.958405737234504063e+00
1.480119898925928990e+00
-5.708087927850078458e-01
2.731524563411121154e+00
1.404041428802015545e+00
6.425029835495246200e-01
-1.042416021837111684e+00
9.376531540502776041e-01
-4.049022794944292514e-01
5.018995957745979730e-01
-2.243189951560767975e-02
-4.776414323590383315e-01
1.469244511766155004e+00
-5.554098275628100989e-01
7.351388433647379372e+00
-1.490725148407306744e+00
-2.281621772008203486e+00
7.177252020924254072e-01
-1.822873624252702385e+00
5.849802121827820223e+00
2.493902722936896410e+00
2.959181691485952115e+00
-1.049996523730441389e+00
-2.470660940716112863e-01
3.404029052554734758e+00
3.410897272098047495e+00
-7.239454575285777516e+00
3.543560783237729717e-01
2.279010283621502708e+00
2.599426712380628945e+00
-1.793684384063743309e+00
-2.284162855620409438e+00
2.026900961338674367e+00
-8.948715019517197722e-02
1.080853352320946259e+00
2.821995140957094805e-01
-5.334579956788854105e+00
2.603319843095099007e+00
-1.867383236247297740e+00
1.322381174523418856e+00
8.882387054315509234e-01
-1.303080379878331474e+00
-2.268724282951140481e+00
-1.087286975781529774e+00
-7.721966258390182691e-01
1.175794239466872781e+00
