-7.924806447111466534e-01
8.165967844711508050e-01
-7.350487450328815342e-01
-3.426949434888072243e+00
7.727288058705162888e-01
1.383232773391392723e+00
3.116867874484652745e+00
2.108744339782657296e+00
-2.057741203389146512e-01
-4.019265643517930364e+00
9.031429832988907336e+00
-1.198327557296345186e-01
-1.422030913059355361e+00
1.546858491221780652e+00
-2.298454775953882034e+00
-1.642952249109662366e-01
2.205675434652251354e+00
-5.491601172897293548e-01
-9.779404376442899505e-01
-1.330358939975029964e+00
1.198230748147898872e+00
4.927467841776955737e+00
-1.131718907682132569e+00
5.339111038666579212e+00
-1.959585404802801634e+00
-6.615871258286189160e+00
-2.224133804696065475e+00
-1.937174510742494249e+00
-1.001418211119452728e+00
-3.407388267232787094e+00
2.153047685540402101e-01
-1.858660958928022300e-01
-1.288314170686242210e+00
2.813540689829204244e-01
1.860099153809848582e+00
6.677704033410293505e+00
-2.268423821059824874e+00
-4.312915824784437469e+00
1.112622379754824378e-02
-2.188305929666710625e+01
1.343209063287296723e-01
2.054199076249937583e+00
-4.909580177871808893e+00
-3.169928187622395033e-01
3.645747673947361100e+00
-7.046569228671633045e-01
2.528384038789744714e+00
2.165201186885134632e+00
1.133031933721323270e+01
5.989257102509805364e+00
1.075595426585902015e+00
2.416963290542530896e+00
-2.885949006699321640e+00
-4.476492129756471372e-01
-8.457317747621655446e-01
2.006122651151079350e-01
-2.225549403393759507e-01
-3.373057799557662051e+00
-2.548937790272935988e+00
1.242559970318181151e+01
-2.818323413408522216e-01
-3.092036490005995453e-01
2.008395917467598224e+01
3.210401690601687008e+00
5.221792395578907175e+00
8.206234475000020456e-01
-1.046823436753516745e+00
-9.567817933192625190e+00
-5.440549371989356064e-01
6.765050782065639368e+00
-1.677719575858696999e+01
4.946972014759813685e-02
1.024262726199057560e+00
2.009898591596078532e+00
-1.059326100823926531e+00
-7.563027618517551565e-01
4.526747891495217502e+00
-4.870939900999576189e+00
-1.040690052107630326e+00
-1.440115785103128587e+01
9.262844135811438839e-01
-1.400096492993307074e+00
-1.984111505572905276e+00
-2.155208523813604837e-01
1.098994301322241185e+00
-8.038038972350221911e+00
6.121268994247176520e-01
8.938543453419445228e-01
1.829436883671367919e+00
-1.355798124252641568e+00
8.169191537994976993e-02
-1.931664821493994877e+00
2.035791070098740274e-01
2.144025655034182132e-01
4.145611502108270674e-01
1.764964586029859284e+00
1.334226848805795562e+00
2.315400303303641749e+02
1.326366534229797001e+00
-4.899386991251137857e+00
-2.143590208262465069e+01
5.738521829681091369e-01
-2.896308300954018172e-02
-1.362000642232822578e+00
1.493166865924279718e-01
-2.369875279956958458e+00
1.166801788029632858e+00
-2.237943906558458873e-01
9.858752044519333291e-01
-2.612983022940597699e+00
2.792640184725223573e+00
-1.972838461488676920e+00
-7.020888943397147308e+00
1.635033329444788297e+00
2.373992686833656496e+00
-3.245179676214912101e-01
4.694283358537216233e-01
8.637419050707826784e+00
1.003314477329642962e+00
-5.153314866656401039e-01
-2.663019639558478424e+00
-2.974214794410077900e+01
1.584093815252189952e+00
8.855726379561865258e+00
2.081665334199412687e+00
-2.427559564390006308e+00
2.524133104951906681e+00
-2.264795439551599454e+00
1.430440277761966694e+00
6.636606116239457620e+00
-1.053039467410092689e+00
2.209068054156360716e+01
-2.096202986128232193e-01
-1.591554869025578967e+01
-2.270232488420561978e+01
2.055134483259757339e+00
2.917813505783954930e+00
3.741088567336432025e+00
-3.447444574160229536e+00
-6.091941545039802897e-02
-1.574349443194646092e+00
4.942103016968141804e-01
-6.160050666617057358e-01
-9.236530976214987199e-01
4.362855962922750352e-01
7.138610415773255502e-01
-9.974633798274626928e-01
3.556739149926017030e-01
2.017635953746831134e+00
-1.374632946423435254e+00
-5.891525714098286848e+00
-1.231232528316867025e+01
8.027389271578602159e-01
6.097677588615759703e-01
-1.639863211196833648e-01
-1.866735805803861226e+00
1.451687335300476889e+02
1.405092304351876376e+00
5.200002105967328238e-04
2.720924133770660225e-01
1.838181149376212886e+01
-1.185668567428140308e-01
-2.636130817865442566e+00
-9.317218542560603556e-01
1.648634421525240441e+02
2.163822147460287226e+01
-1.220344764646986713e+00
2.632513623304622019e+00
-2.005710132410492008e+00
1.997111484848488050e-01
1.840123737482183497e+00
4.891375054625884400e-01
-7.906227827502630312e+00
-7.192054975004495976e-01
-3.808808817049516904e+00
-6.882181066263944880e-01
-1.073981860365514074e-01
8.271139565864538135e-01
-2.116749906204407061e-01
4.137564002791094264e-01
-8.155294574214825287e-01
-1.050469513790388110e+00
5.397706235289296828e+00
-4.029031373008020722e+00
-3.532125006942322010e+00
5.961841102792077685e+00
4.523704647532275303e+00
6.473708110474572786e-02
1.286391836522099652e+00
1.673880747341585096e+00
-1.248919420509519718e+01
-9.230549099289355297e+00
-8.389118349404683928e-01
-1.351540700100510506e+01
6.645045761477705426e+00
1.335534470343315849e-01
2.009247909655611508e+00
-6.863217885029312404e-01
2.568434955876169878e-01
-5.880875380791132478e+00
1.335202321554072258e+00
6.034104101777286289e+00
6.350400284987283150e-01
-4.137891295152006599e+00
3.165362800534287091e-01
-1.146858588306085336e+00
2.965431672023515652e+00
-2.989544938069919944e+00
-1.071344866029039444e+00
1.178844613308466238e+00
-2.488883167857271772e+01
1.029005662336885063e+00
8.747366263059661584e-01
1.390456468429022818e+00
2.254869836889325185e+00
2.478084790610071053e+01
1.517628446628462191e+00
1.207183160402665267e+00
2.677373704459310666e+00
2.271438436369691838e-01
5.762302280355994233e-01
1.222115552496684465e+01
-2.915275140015963373e+01
-5.950140502416285671e+00
-3.302803365710005323e-01
-2.397854640591690956e+00
-4.140294474234998745e+00
-1.208330603511744483e+00
6.174730263484895509e-01
-2.641979306329663491e+00
-1.258041668824335657e+00
-3.369831821201684452e+00
3.020392255967781381e+00
2.296157316805574222e+00
-9.216591383417007677e-01
-1.440939554978496240e+00
1.377024289291135739e+00
2.241424514272029322e-02
-5.683089736061261998e-01
1.147018326771409136e+00
8.246017752049379368e+00
5.854333522116943467e-01
-9.693192740405663921e-01
2.129127127119517793e-03
1.291368502249045092e+00
9.429805688884691506e-01
2.706260108902197814e+00
1.507029711043119224e+00
1.019655637200434839e+00
2.184143836605565880e+00
-7.206104161481770021e-01
-1.100887938420293199e+00
2.514856708788428374e+00
-2.607542903834810577e+00
4.061340858697168876e+00
-1.509638459817945755e-01
-1.313378782467798711e+00
6.872301254751690403e-01
3.122916638521117960e+01
-5.803428407100601483e-01
1.782525308141268638e+01
-6.837154557059823556e-01
-2.667025138370759940e+00
1.885251664078623490e-01
9.953363709282939453e+00
