-3.975950334373854922e+00
1.438788771512099718e+00
-4.030854827052237077e-01
6.128326561230161840e-01
9.808663898058718189e-01
-1.209720009728809220e+00
-9.357610656616683897e-01
2.183611713465984039e+00
7.256566805556530220e-02
1.492002731616731026e+01
-3.951491946817336842e+00
2.173686422916817573e+00
7.146580177622126051e-01
-8.816819472609540576e-01
5.051061299790342574e-01
1.395064555698093400e+00
-5.225536586283925367e-01
-3.101991002635780958e+01
1.083122167106764788e-01
6.655089256945315168e-02
3.535312775362746684e-01
9.594055605862245040e-01
-8.197047358617133739e+00
-2.406847655351081272e+01
8.399023492601731533e-01
-8.468100059181117301e-01
1.541026386796737313e+00
5.932230448800033251e+00
-4.748837463399846115e+01
2.004096068162999345e+00
3.993610560512207641e+00
-1.525349861784738748e+00
4.696523950616189880e-01
1.466850354240347709e+00
-1.233663273334552335e-01
1.065634347400740423e-01
1.281744718195211297e+00
2.756592322464077593e+00
2.693896778151675941e-01
-1.657072108627053453e-01
-8.102320999846682748e-01
1.440405472850933899e+00
3.107138963175194668e+00
-6.971228783941578744e-01
-5.264628324641461576e-01
-3.631694008756695347e+00
1.474831561030844007e+00
1.137009525992014325e-01
-6.498110631648490454e-01
7.268917926918176953e+00
1.821920973012858269e-02
2.629733184625062670e+00
-7.362999586428274623e-02
3.922396908896573220e-01
-4.038044595206033982e-01
2.769000587448413597e+00
-8.740257913834157399e-01
-2.064981530794288034e+00
2.564232453765834308e+00
-4.126850562297854630e-01
-2.936856058934852243e+00
7.160734542854099161e-01
8.132870663252562693e-01
-2.053679953006129821e+00
-5.641082850820824390e-01
1.579664549559926634e+00
-1.695721052322423539e+00
-9.486589063250697507e+00
-6.867709804482565517e+00
6.183082662784173067e+00
3.333585801518252900e-01
-3.616140069829889114e+00
-2.130880044016597363e+00
-1.496172548521889967e+00
3.832501879840982006e+00
-1.287040999884694781e+00
-4.805073924898190185e+00
-4.990030822429496027e+00
-1.727328530201590162e+00
8.601798761485093259e-01
-1.132888437934517434e+00
4.064295162433870789e-01
2.025842997667393064e-01
-1.966532722905296016e+00
-4.753642305800853762e+01
-4.037295866833272573e-01
1.670031479592885670e+00
6.536865521635838450e-01
-1.777021084311307675e+00
9.426641279927512329e-01
-2.058538903948309962e+00
4.198538446708003136e+00
-2.288385113837356766e+00
1.594259632996932119e+01
-1.703907077348500998e+00
3.309795614197572067e-01
9.699320720237647464e-01
1.593181385301532202e+02
1.616978208328643807e-01
2.070248141008077247e-01
5.339025524561634484e+00
-2.910414749840024573e-01
-2.149010645113545781e+00
-2.883195190317261236e+00
-1.661360215682445851e-01
-3.622278336966745726e+00
1.434840882109521543e+00
2.130064794052333621e+00
-2.364683990913006184e+00
5.360521214966997849e-01
-1.542116280803035977e+00
-1.895173806626505364e+00
-1.938700017932250885e+00
1.525119782734795926e-01
-1.584280917034831759e+00
-1.264761850792952558e-01
4.720962158144436094e-01
2.715742868701166657e+00
-8.952139813220238995e-01
-3.123956270189096052e-01
-2.180448156286137529e+00
2.032689274396604961e+00
1.316626668003552103e+00
-3.968016084194281854e-04
-8.338595501320882342e-01
1.668228040576093529e-01
8.628154882486670507e-01
-2.476843850086360987e+00
4.898086312695900668e-01
-7.850983710184881170e-01
-6.673695289081423709e+01
5.423051958129956329e-01
-2.852229785517113925e+00
2.817347793480428741e+00
5.301025362888852399e+00
1.065670479373506119e+00
1.641457698378137042e+00
-1.521807013717366708e+00
-2.894298436036027766e+00
-5.097516429101756064e-01
-2.613832676324474580e+00
-4.459684741388183493e-01
2.864805796864324350e+00
-1.331995177716418066e+00
4.239049721285263472e-01
-2.429151829292319320e+00
-9.334530839801328250e-01
2.319083494646578120e-02
-4.445273659526852938e+00
2.961174300319043162e+00
1.606488066427062877e+00
-2.724214013053687822e+00
6.200248978474074413e-01
6.780042581361489518e-01
1.017502000868408585e+00
-9.341135284216963708e-01
-1.972911600216652184e-01
1.804291813816316425e+00
-6.993250289205830139e-01
3.053984940833700534e+00
-4.004781134401418363e+00
5.149248542697617559e-01
1.342395154613394981e+00
1.005421602603847386e+00
-3.837328563987476016e-01
1.440466249219180504e-02
6.264158298657298563e-01
-6.819325473684352268e-01
3.316393865960419518e+00
-1.954663310148840649e+00
-1.350224556376290241e+00
6.024799316686641149e+00
-1.699232767712205661e+00
-1.311994800568349495e+00
4.054248631676160564e-02
3.724965190603585219e-01
-5.507064345159147223e+00
-2.105185414301498081e+00
-1.159447379704493963e+00
-1.934294643399710800e+00
1.549566559120305609e+00
8.527784533022979563e-01
2.568887769275354227e+00
6.364548592065828458e+00
-8.392149738800864789e-01
-1.465071327930183298e-01
-6.117704406443832399e-01
-2.763553057199468199e+00
1.690613116662377458e+00
5.626455020282173924e-01
2.109956176574522502e+00
9.180025227281269906e+00
-2.268181642809120824e+00
1.306193278167421534e-01
-8.711875493571112905e-01
-7.747031464133902201e-01
2.962916759938405975e-01
2.911750702728568840e-01
-7.704120453915108691e-01
-3.012614917654218849e-01
-1.422436822065044737e+00
-4.841987661077319371e-01
2.493491214098396469e+00
-3.875788072031803311e-01
-1.216762788710318688e+01
-1.516997226300789148e-01
4.318642058230656167e-01
-7.591429131196320013e-01
-4.831506814430640562e-01
-2.968543324633778902e+00
-5.922546191267801241e-01
-7.177339112340244132e-01
1.762431145093309670e+00
3.039214687689857808e+00
-4.419596268108723081e-01
-3.224702677168962861e+00
-3.526730229451150445e-01
-1.603784929199810083e+00
1.981594442094306352e+00
8.355511780635948016e-01
7.051961458731248467e-01
1.174785144050255781e+01
3.688008943016130026e+00
2.928503835502692665e-01
3.832094773703740298e-01
3.263768662395484466e+00
-3.760867487508345874e+00
-1.185576406441588793e+00
-1.769170369090691253e+00
-4.054935283464100038e-01
-2.957673715352918453e+00
5.860675930124199517e-01
-4.311862949634321041e+00
4.511918130007024769e-02
2.988229210556943904e+00
-5.171514444365595153e+00
-1.266525560222325542e+00
-4.010744484918085107e-01
-1.570701496725131392e+02
2.130132435652307255e+00
1.840336946450455091e+00
-4.169590524372039475e+00
-5.746739812060322805e+00
-5.624911051460832478e-01
-2.278299643437792454e+00
-1.084941307861633453e+00
4.788510802260759647e+00
-1.117022516619211814e+00
4.639613808713307641e+00
8.909537371371070158e-01
-1.671279304255846032e+00
8.110754895300491540e-01
-1.010885147863630706e+00
4.082778204228999286e+00
6.826178583256048427e-01
-2.840736351927647174e+00
1.944059357774067465e+00
-1.885346682784388550e+00
2.498669495770917237e+00
1.192396496099553449e+00
4.927459962499892154e-01
-2.009522827470422435e-02
5.662703095532826580e+01
3.248647243833425069e+00
4.960258476416756324e+00
