-2.181961915711459810e+00
1.135486831592007612e-01
1.867449802807618298e+00
-9.751203862453270421e-01
2.321791760916797620e-01
1.149003553449071902e+00
-4.298184180919796260e-01
1.421203902383144424e+00
-4.407240084731633978e-01
1.712363159795582401e+00
-2.115282813519984817e+00
4.303409548703111542e-01
-2.566867921371526196e-01
3.820718885587304214e-01
-2.245248835191117287e+00
-1.767626538864148222e-01
1.425952439322455856e+00
2.038521441816320667e+00
-2.719912835580512223e+00
3.710343934522148057e+00
-7.660343539891889542e-01
-2.537932684138703543e+00
-3.335596397859423412e+00
-6.929034375548782931e-02
-1.717360093970508927e+00
1.542646994002721428e+00
-5.113976366380115074e-02
5.256821302242118410e-01
-1.487042190297560129e+00
-1.297914686430334252e-01
-3.241915247208566053e-01
1.275377543614601761e+00
6.401408506455557035e-01
8.872446591245963798e-01
-1.521897291425970078e+00
1.378178577697960705e+00
5.121404984966779761e-01
1.824688968556922752e+00
1.395224556240130642e+00
2.162123354740173031e+00
-4.425092907393731734e-01
-1.303998017081331007e+00
-6.095489887175919996e-01
3.193260995459484164e+00
-1.426158335849086578e+00
-3.755313286174122300e-01
1.083154299425977740e+00
-3.414208661130694322e-01
-3.156256244036293790e+00
3.520344838497986739e+00
-2.858905148147925512e-01
8.899498590558238220e+00
1.020248116806415695e+00
2.911644261887251228e-01
2.304016224063350493e-01
3.156282272014510060e-01
-1.355272025851075313e+00
6.592858557319585255e-01
-2.241343696741067593e+00
-1.543766941967210093e-01
5.702429894577072389e-01
8.912925919354091064e-01
-1.269998855685341432e+00
1.651658893707882436e+00
-1.334561496762665112e-01
1.110169094277008023e-01
2.492196669720311286e-01
-5.014285535142202210e-01
-9.414979293946157402e-01
-2.003687737686741688e+00
2.790692566767564387e+00
-2.705397126600574964e-01
-3.772370619351268939e+00
-3.261470243630560373e-01
-1.780299795932132056e+00
-8.730425433182090744e-01
2.581743457442078338e+00
-6.097012126953056388e-01
-1.482457548568252514e+00
-1.580952772811472951e+00
1.730392665047755241e-01
-1.886564222135653335e+00
-4.629860965563310504e-01
2.713565852193667444e-02
8.903849216366843677e-01
4.561547453498769333e-01
2.834807285785310160e-01
-5.808717242506057588e+00
-7.523258631797767881e-01
-2.288367654150146591e-01
-2.261864918928851775e+00
-2.443961386402656366e+00
1.677064109913519729e-01
-1.050955679489716355e+00
8.077855684553585380e-01
5.856278334860531842e-01
1.802268387006012329e+00
-1.450367683789607898e-01
9.775440421341667907e-01
1.934079223891566612e-01
1.066841844302186537e+00
8.259996391303003893e-01
-3.635527373522722705e+00
-1.945347983384656046e-02
2.818652779050252466e-01
6.122799329462560447e-01
2.397594527259395036e+00
-1.143104308255501245e+00
-5.322004132907394158e-01
1.335092878564466679e+00
3.011536349139035673e-01
-2.606567732841016394e+00
-1.354579202713266373e+00
-6.750430499895586633e-01
1.278319827623247917e+00
2.125226531740880276e-01
-1.469188864936953554e+00
4.490029606413503682e-01
5.794316800846749382e-01
3.916983556800896493e-01
3.025607963015805590e-01
-1.732777476671089723e+00
-2.164231120351982618e+00
9.739608208982706294e-01
7.397067506760408584e-01
1.174018099724568165e+00
6.477520118378123914e-01
-1.209415701935310006e+00
1.070666003249752807e+00
1.501163511196059452e-01
1.133067261344816945e+00
4.082784673673791054e-01
-7.244422931060983117e-01
3.617134847125896613e+00
2.952691525552796570e+00
1.370842782344920963e+00
-1.055939510547846183e+00
-2.450512203028446745e+00
1.090555609945579318e+00
-6.993888546040589738e-01
5.495553393236401324e-02
-7.132131179422546152e-01
-1.333221911734180587e+00
-1.360165920334770684e+00
4.591942989152150711e-02
-1.698959169506492950e+00
-1.000243273527469778e+00
1.554660318215894010e+00
-1.466932121596851379e+00
6.336642943751383816e-01
1.421935819730493489e-01
3.485270368955134312e+00
-5.136066427939578460e-01
-6.992257056282566441e-02
2.286776188470661386e-01
-2.879722825742653813e-01
5.168380897788733830e-02
-1.581136711803707851e+00
1.555274648333775100e-01
1.087092374424001084e+00
-3.149593483491915702e+00
-6.704701427751529330e-01
-2.172107388531484273e-01
1.223999731478642161e+00
7.473513531379712971e-01
1.550647870547352314e+00
-8.668868195852622027e-02
2.693183111158035548e+00
-1.046555686533788207e-02
-7.698486371082668978e-01
-1.283920882030532146e-02
-2.239629936565943336e+00
-2.857057275933838070e-01
-4.130964993892831671e-01
1.999866091406924618e+00
-2.063063105073090764e+00
8.170527527616601171e-01
8.208976999528468710e+00
-4.309979991302570479e-01
8.565480451897375946e-01
-3.474113664334083640e-01
4.946105744246965252e-01
5.633169621190369014e+00
-6.228787264043216254e-01
1.576596455439927880e+00
2.737064056943335988e+00
4.016830325617324338e-01
2.266626659632861251e+00
-2.232964034858252234e+00
-3.588195343455335418e-01
-1.208117836989324845e+00
-4.014734267344297614e+00
-2.009665159549965274e+00
1.723684611493951468e+00
1.274754885099395807e+01
3.824977980911536957e-01
1.075140342203751986e+00
-6.975490771005186108e-01
4.634414524610810382e-01
-3.942363171655053122e+00
1.559224346347254375e-03
-1.982030823806870679e+00
-6.340432993559534935e-01
1.088537172887085402e+00
-8.078917071377352821e-01
3.516795490023597037e-01
3.810816753012502556e-01
-2.458135445379447503e+00
-1.274744735259016881e-01
-1.398373764091477567e-01
-4.054199054598432439e-01
6.713849710536728965e-01
-7.779856961584090680e-01
2.052735641606528105e+00
-1.444004657983714690e+00
1.575904473320657750e+00
-6.117013192209948963e-02
-2.003339522927119809e+00
-3.765679945830178177e+00
9.054517250374716220e-01
4.436636909632896142e-02
-1.473455041395718812e+00
-1.614237535116019306e-01
2.747065544875297416e+00
8.921840064672057480e-01
-6.883316353900942319e-01
-9.456135766973713386e-01
-6.959417969848005203e-01
-1.206921798968235038e+00
1.311934773655630604e+00
-4.097222344954477791e+00
-1.419362813526944933e+00
2.175960833556088936e+00
1.896527563965586971e+00
-6.336214475691510639e-01
-8.049598953103404009e-01
1.048130528531105554e+00
9.360221663529566527e-01
-2.068169176604705228e+00
2.136103570009482144e+00
1.093554681558138952e+00
5.168802259716441583e+00
-3.989685596637289056e-01
4.487090966505294931e-01
-4.272065135877582964e-01
4.758660530296442981e-01
-7.245757806759043351e-01
1.592311580820209849e-01
8.795036267620661707e-01
-7.302665897284664753e-01
3.906198179111775026e+00
1.569795399291966653e+00
2.262517785122675207e+00
2.430267713160551846e-01
1.163056264713960841e+00
5.391955778350210338e-01
3.221289665236748423e+00
-1.085594359461978353e+00
-6.969841048405246708e-02
-1.185352355065033336e+00
-1.675595699578870779e+00
2.482117973204403416e+00
1.483964395824236782e+00
-2.121256991030168848e+00
4.063725418432575509e-01
