4.151411742715261255e+00
3.332604320449597424e+00
-7.565461079601086825e-01
1.824185156421864962e+00
-3.496729484985466030e+01
-1.789073386762576046e-01
7.250146475084552344e-01
8.353751294549807138e-01
1.626040705781844906e+02
2.316335984585946028e-02
-1.364094189321896966e+00
3.022132035445834752e-01
-1.448924011489649555e-02
-2.713521398919291983e+01
-1.522052719255645226e+00
1.788501428565505202e+00
2.081460226478096587e+00
6.701906054473987240e-01
1.329928008201983758e+00
-6.540439940170494904e-01
-1.284540580611572391e+00
2.453216993560995984e-01
3.037029552799401699e+01
1.099192134770050400e+00
-7.953954834535112983e-01
-2.403541136361196706e+00
-6.176631600899908925e-01
7.409981646499649521e+00
-1.577509256841931551e+00
-4.644590091361200379e-01
-5.404366655297554445e-02
-2.138172307106231962e-01
-2.274019705042734074e+01
1.659993051637499661e+00
3.168674836297689090e+00
4.595285366351813394e+00
-1.961107276355052775e+01
-7.602320401239326397e-01
4.349774099080187639e+00
-4.085686010836859339e+00
2.418269684581372481e+00
-1.566076306280618224e-01
2.226367797921673741e+01
4.103122439946929045e-01
-1.532048582311758000e+00
-1.132406517851774694e-02
1.384815112040566287e+00
2.600538279122172280e+00
8.078792463688055925e-02
-5.519353435845172351e-01
5.165602854899506990e-01
-6.252862292603833527e-01
2.396570599208136532e+00
5.097654267934903505e-03
7.311084174090587418e-02
-1.290448884049484546e+00
-1.265223840571409575e+00
2.413428788222613974e+00
-9.290479800075477357e-01
5.679212483896844965e-01
3.107301917573887806e+01
5.349901212663264793e+00
-2.046576013087795687e+00
2.639978608211737132e+00
-4.781695461582233264e+01
-1.363969151128596025e+01
3.762182732138884322e+00
-3.574544081010191388e+00
-6.471840235099330929e-01
6.200178932057903936e+00
1.943512029117343110e+00
-7.229850286296501949e-01
-2.144501872869760906e+00
1.965921751625342884e+00
-6.326009596574073690e-01
-2.902298311784634599e-01
-3.042153130417855955e+00
-3.909378226561854852e-01
1.146073178451814414e+02
2.046800796450348958e+00
2.255255756207337647e+00
-3.623363360070753458e+01
-2.684274296620522193e+00
1.557357234330887152e+01
4.323202407130068980e-01
2.507709586466721419e+01
-1.517890439094576882e-02
3.642537501928023946e+00
-2.272019841539298213e+01
-1.829864495404466940e+00
3.342244717586907443e-01
-1.733377260603920833e+00
-1.259168730756127896e+00
-2.576808916229520463e+01
3.479099527937100644e-01
-1.798161495761832818e+00
7.619481582958875787e-02
3.472345428347225038e+00
9.215592023513886621e-01
6.394681530893301380e-01
2.160451542362069599e+00
2.033109201682364642e+00
7.260904649183995474e+00
9.137604045132265984e-01
-7.066219510025626427e-01
1.826466833551445568e-01
-4.814084262403215853e+00
-3.091814344094582223e-01
-2.411524283472276320e+00
-3.620328925487740435e+00
2.351610711938482368e+00
1.907354149234659291e+00
-1.455702054610851226e+00
2.333376941007040406e-01
-4.953903287426135726e-01
1.621336879049107083e+01
1.305035543927794972e-01
1.033031668613668019e+00
-2.357285944307702108e-01
7.228078017860775084e-01
1.287486348904157696e+00
3.854015679817187845e+00
-9.709832957019480792e-01
7.572946215341192833e+00
1.989416743906990304e+00
1.008738749144297842e+00
2.089823721964378656e-01
6.928657190924197851e-01
3.212768450380722562e+00
-5.383522740430516373e-01
-1.758480599864873817e+00
1.020119598621969104e+00
5.160296132913794187e-01
-2.887191535471030357e-01
2.820983169245122824e+00
6.095933328248612781e-01
-1.688515757937219863e+00
9.121119312589679451e-01
1.317401056345665067e-01
1.977683984676273932e+00
6.217213316915731092e+00
-3.001362689050468546e-01
-1.077332914618936988e+00
4.717273591786209086e-01
1.889107387852789754e+00
-3.202214561968935946e+00
-3.159582158025995291e-01
1.775735398379920671e+00
1.178397951013742784e+00
1.275702380427796712e+00
-1.626530014301048321e-01
-8.701857421309651119e-01
-6.867782906043032876e-01
-1.523277715958142320e-01
5.061757207089667698e-01
-5.686624387367200661e-01
1.838750264888394881e+00
4.086272250859388500e+00
-1.265170170686348960e+00
3.796081556422050696e-01
3.297569981054128130e-01
1.118249556119861543e+00
-2.791841310901249873e+00
-5.074289483117688349e+00
-7.189737149512485104e-01
-2.409496962232534623e-01
5.375178422025252978e-01
-5.586214002244174193e-01
-1.920936313977110954e+00
-3.330926270585188309e-01
-2.047268223480887883e+00
1.401371540888529665e+00
1.297463873044044647e+00
5.258962558030517709e-01
-6.786575820725617270e+00
-1.459985962229661816e+00
4.356979108865421946e-01
-1.389222357661116014e+00
7.219782948131191702e+00
4.093835513199922116e-01
-7.364007481152148316e-01
-1.234718494709371450e+00
2.122343805756080393e+00
-6.613996390788494661e-01
9.796160866411462997e-01
1.474531102773337432e+00
-3.468000297186089931e+00
-2.233038105720639432e+00
-4.041359125626295068e+00
-8.910488385958746926e-01
-2.718256260793446843e-01
-2.013844126199619389e+00
-2.005831423741816977e+01
1.030698090009482115e+01
1.680949055933000036e+00
-4.172003800190155487e-01
1.860838828833593439e+01
-8.902130634044233659e+00
2.104462867090948652e+00
-4.153570473075983704e-01
2.850144030626358127e-01
-1.174296790153289867e-02
5.272592654204606433e+00
6.841222257209809143e+00
-2.248199353168747194e-01
-1.955757849069091447e+00
-7.723502207899761718e-01
3.899671303771115594e-02
1.088329153542653277e-01
-1.925461153340076947e+01
3.477956132628189589e+00
-1.355364945038955771e+00
1.462708242633459665e+00
2.687312881512652143e-02
7.184785787335934426e-02
-1.292437109181137744e+00
4.898238191322924706e+00
-3.931087295380014668e-02
3.685335744617152631e+00
2.458112923086508861e+00
-1.039087803715999403e+00
2.098518215188442060e+00
-1.004864111028071960e+02
4.547411322599070882e-01
-1.493109734666521637e+00
-2.469224877559328846e+00
-1.445307285171583356e+00
-5.978527999464052778e-01
8.579343748526478686e-02
-2.130238474908668689e+00
-2.546922747423126765e+01
2.650601184243068231e-01
-3.435208841161055737e+00
-9.132006588359733446e-01
-6.978317656045536221e-01
-4.992391519592578319e-01
1.713128388892486198e+00
-2.646998309369213764e+00
1.287320453503386863e+00
-1.080073244881581740e+00
-1.369197262004454352e+00
-1.963957049861542181e-01
5.461494365557246766e+00
-2.923619026812178112e-01
1.289659219541267721e+00
4.059927087875295548e+00
-1.026337891679925995e+01
-2.391069665880507955e+00
5.150301637938537880e+01
3.420863444962471522e+00
-2.278647479816899579e-01
2.659786381797377253e+00
3.560516143259687905e+00
3.416893874507743734e-01
2.106608443346531967e+00
-2.559815964313500558e+00
9.619593029059563705e+00
-2.348375828102180485e-01
-1.659912028908239190e-01
2.637655316192017985e-01
6.135100825045675776e+00
2.241078915335080191e-01
7.889648871444268075e-01
3.437390584753203804e-01
-4.946728540444175204e-01
