-1.417156510834574501e+00
1.473453003402457107e+00
-1.127519669408173826e+02
-6.352156141268798170e-03
1.010924983304753555e+00
5.059682077951451973e+00
7.701457972368559446e-01
2.141978550278937021e+00
-5.835390153812757275e-01
-2.724691128899292547e-01
-6.339228342228905078e+00
3.298319086908214626e-01
-2.167210721629544778e+01
1.455427563812500935e+00
7.946407543298121823e-01
-3.634633221196290176e+00
1.425668585768417929e+00
-6.454357796654952573e+00
-1.684356336459208592e+01
-4.855559501673671008e+00
3.514037203045310420e+00
2.108346093369325214e+00
1.029694488731067281e+00
1.686475341890664170e+00
-6.106537202107222839e-01
-1.154005037977728465e+00
-5.499568545404295072e+00
-4.571298779133678991e-01
7.560576525460436237e-01
4.280170513094754270e+00
1.812431493621190493e+00
1.799644224762631639e+00
2.076609962652984365e+00
-2.856270671810499095e+00
5.460387528135642299e+01
-8.940890045294659361e-01
-4.105968395219360190e+00
-5.642249975272490836e-01
1.463898552519267149e+00
2.459773543695887810e+01
-1.100208829675967337e+00
6.711498027744244155e+01
3.112348577261414562e-01
1.366388100151604945e+00
-4.288581829535604406e+00
1.205766605968654925e+00
2.851654165549272202e-01
-1.580463122339474502e+00
-1.474722573499144573e+01
-9.326485414299732213e-01
-3.502847044777294805e+00
1.688965052302494385e+00
6.416913884338077967e-01
-2.563588137694735813e+00
-1.034552503939034640e-01
-2.664959877190895693e-02
-1.472285021121051862e+00
1.079808718679488466e+00
-3.253571451826799965e+00
-4.995287805725224572e+00
-6.447249355117424564e-03
3.516859266816104501e+00
-2.445031464132426391e-01
-1.366910743041402254e+00
-9.604382742984288512e+00
2.505426530840929367e+00
-7.396923878910965922e-01
1.175873509601816025e+01
3.354732669365384279e+00
1.232642972040485674e+00
3.107255884055363460e+00
8.181934214259400928e-01
-2.557106367437577799e+00
1.000814879018128156e+00
6.931852249200759486e-02
-1.294475757951466521e-01
3.042853430960166694e+00
2.685534696429203727e-01
1.850657568565508893e+00
-1.223864289315511472e-01
-4.832181221096014667e-01
-8.162733349133004523e-01
-1.201125331189735412e+00
-8.096668636427852839e-01
3.142072703557592384e-01
3.983494901585304504e+00
-8.641673977683178576e-01
-2.356970991150642014e+00
-2.083050667168704351e+00
1.706585093023707866e+00
3.798159803129848022e-01
-1.756095040617342118e+00
-9.138806763061781968e-01
3.884095666560422710e+00
-1.101117646585833398e+01
-1.421002034015294083e-02
-2.047877316709549866e+00
3.467308303991475937e-01
1.339655733321506670e+00
3.020496585367679732e+00
-2.013527468349425309e+00
-2.354562904598585860e+00
-3.567664536445853685e+00
-1.114545942563548220e+00
-1.544999762567600410e+00
3.082671182867059989e-01
1.338052374770416497e+00
2.261491322791086667e+00
1.839880566420408314e+00
6.753973036367463045e+00
7.432824998094106350e-01
-3.328683556201277871e-01
-6.218259528855683005e-01
5.728240351486991733e-01
6.156881115104795299e-02
4.211060237222326585e-01
-2.773987922417605034e+01
1.669582675068996824e+00
1.577979573610932551e+00
5.449958545230502160e-01
-1.642526525453712916e+00
-1.321028387246333313e+00
1.318259023131586938e+00
2.061522203707069067e-01
3.106136700468756118e+00
5.981312048055538177e-01
-3.091752803161325502e+00
-1.176422503078699933e+01
4.215676633612517321e+00
-2.949478851473401164e+00
2.198765532155254609e-01
1.598161366041744191e+00
-3.550886689856597389e+00
-2.001721120548302757e+00
-1.541847355685274978e+00
1.970705034400628497e+00
6.557064370140758269e-01
1.808582269807035958e+00
1.345590402572637068e+00
1.501219185349908170e+00
-1.136568528105120768e-01
1.553593373966067892e-01
8.613884146453378854e-01
-5.730013149464743272e+00
9.910918120523803942e-02
1.669204347405622180e+00
7.939677551784818377e-01
2.320931447200922371e+00
-3.818434617595312108e+00
-2.188780581812800108e+00
-4.556959306310955915e-01
4.638050173999985759e-02
-2.622670686834672082e+00
5.993844978760137998e+00
1.455119188607976177e+00
-3.316232229127169084e+00
1.925818827347683948e+00
9.176701347153238819e-01
-1.086375952607683965e-01
-3.294769049913615078e+00
-3.489078777812533172e-01
9.514340112092229962e-01
4.190221308863789851e+00
-1.479268718608153454e+00
5.192030568906570664e+00
8.657354034583839564e-01
-1.340413389398984467e-01
-1.602655588148955257e+00
1.088182560533970555e+00
6.380721061774097258e+00
-1.043568780410025321e+00
-1.697711758345459288e+01
-5.183592390263442873e-01
-1.179385384867083886e+01
4.455914706351873367e-01
3.543144135469801626e+01
-9.201721939607747203e+00
-2.903357146552068002e-01
3.000861077049717718e+00
4.977882485639626431e+00
-1.599734413183495629e+00
-3.235738925581643777e+00
1.245084046709190151e+00
-4.440420254752098783e-01
3.887610972643499307e-01
-4.465466844481069675e-01
2.923884069050593837e+00
-4.980265462580820035e+00
2.404910841664402721e-01
1.430303203164345227e+00
1.281801556336591652e+00
3.128982515545519760e+00
9.755716077376308526e-02
6.919085523638031532e+00
-8.910283359469843845e+00
5.170353774112730338e-01
-1.970385273770357965e-02
-1.490843196980901342e-01
-1.238234608750974353e+00
3.033109750302725782e+00
-6.400576374938007351e-01
1.399167740071476151e+00
1.217350659695975779e+00
-1.343461238361129961e+00
6.402240238298716468e-01
3.213836195384310912e+01
1.891932450713305514e+00
-9.019622654109069160e+00
2.759613942771832029e+00
3.771687280131064135e+00
-4.069596461515686547e-01
-6.771203962012030786e+00
1.486447890619257972e-01
8.334392958969130127e-01
3.960650228732907063e-01
1.508786695888802765e+00
-3.141911946533900934e+00
3.818250652800909695e-01
1.627581150840243129e+00
2.025725244893750721e-01
3.232827507246524013e-01
5.576916603307129350e+00
-5.422693577039430224e-01
2.246803687360174329e-01
2.176725589242197501e+00
2.647552559452693632e+00
-1.065759720934959454e+01
-1.985505772750341347e+00
3.567067875588197268e+00
2.463695401770785942e+00
2.344962751361322706e+00
-1.839469078940205948e+00
-1.182189687025671176e+00
-9.904985744002412495e-01
-7.101486454084048328e-01
1.116672106430258715e-01
-3.098630193280261236e-01
-2.150395718311901128e+00
1.626542841725209687e+00
2.358682968962826365e+00
-6.642994598521134719e-01
7.009014817606109560e-01
2.473002392833764329e+00
2.730900974824141958e+00
2.515793385326850373e+00
3.471984239292619456e+00
6.621459288583794844e+00
-8.842340693295639431e-01
1.111390470137209929e+00
-2.961188789053387227e-01
-1.524675290404932104e+00
-3.920632597866726687e-01
4.988201688401261436e-02
-8.209456868947443420e-01
9.541289927865223319e+01
1.223600104737427641e+00
2.284855611161748512e-01
-2.698630163550073569e+00
3.741204527255236556e+00
3.439627284945490082e-01
-1.808189573387313231e+00
8.045027511565711720e+00
3.287468219314817919e+00
-2.672343865237486682e+00
-6.249749720067858672e-01
