1.807411411577269034e+00
-8.202672015887765289e-01
2.659996806136250003e-01
-2.070032731410440974e+00
-2.901731719530558085e-01
-4.092162367659674338e+00
1.622995117642314300e+00
2.143675266428490822e+00
3.018234550761271340e+00
1.572467546673796956e+00
-8.844044506307383813e+00
-1.249471948014718059e+00
-1.743056713524147039e+00
4.258965299750416822e-01
-1.537733619606171942e+00
2.710989345546201079e+00
-7.875317295171621046e-01
-2.929190541722646479e+00
-5.425405921777993745e-01
-5.589752309619336890e-01
3.202425393556959321e+00
-1.374300755859265921e+00
5.127400029523734304e+00
-4.301716153552781474e-01
4.744970017133051776e+00
-2.481794399185563549e+00
2.739309461922950772e-01
-2.830311442145604772e+01
5.753733114621597533e-01
4.256884431079672737e-01
-7.829297795014701355e-01
-1.274529726178228461e+00
-5.959121863928227292e-01
1.832129560808511926e+01
-1.101024660471076944e+00
-2.032430297882990899e+00
-1.211041313443482981e+00
-2.931990274779634476e-01
-5.346813166955614349e+01
5.265376901244098740e-01
2.051027393496581475e+00
3.474343472548319101e-01
8.746308137760511192e-01
3.035476675209300979e-01
1.251849997343952303e+00
-2.675189840175943523e+00
-5.372901661014471975e-01
-6.114651691932921906e-01
5.147292203514316711e+00
3.891178931656493756e-01
1.071678660670678518e+00
-4.581630001460207602e+00
2.320118424558291759e-01
-7.850285524383001645e-01
-1.669803905357049922e+00
7.546960587719567237e-02
5.367374647039253155e+00
1.259676632323118994e+00
3.324929753232878094e-01
5.410928620640784725e-01
8.193056161718823560e+00
4.299450839742252617e-02
-6.284286304990383876e+00
1.742381990323848218e+00
3.788203263930707276e-01
-5.827176435651906239e+00
-6.382330722612421514e-01
-7.037177721920648832e-01
-8.829224333050944562e-01
6.272949204384882904e+00
-6.790548408907097766e-01
7.328222844939949465e-02
5.987059137993704372e-01
-1.949727245801636810e+00
7.818536351270451989e-01
-1.284464407130861074e+00
1.505857217230271772e+00
-2.373769642025714763e-02
3.498852170934906303e-01
2.285880606269568016e+00
-9.695042883738196338e-01
4.260184901336415697e-01
-3.432076694838238407e+00
-5.838116627242790457e+00
-4.576781837389237162e-01
5.424876699741034702e-01
2.035072917129600256e+00
-1.027436645965228479e+01
1.446227555887667826e+00
6.953150920811586311e-02
4.704438266834705673e-01
2.471873941615773784e+00
-2.365948704994841556e+00
-3.824859452812597205e+00
8.313281994972246403e-02
-2.171500585856136922e+00
2.275917832204670255e+00
-4.613961520231026014e+00
4.194561730334839034e+00
-1.454862880471731623e+00
-3.523835449955975418e-01
-1.231899380383781306e+01
1.005142987160405843e+00
-2.138487837846308359e+00
4.313747291787347393e+00
4.400888821559587050e-02
-1.008147118539763465e+00
4.886361089738406882e-01
-4.635750093071451527e-02
-5.539738918245156185e+00
-1.159740460257163486e+00
-5.772263809533720869e-01
7.176075772518599294e+00
1.032310805301363654e+00
-2.738328912143370708e-01
-2.261983077759840199e+00
-8.479197522216056271e+00
1.464444859938738963e+00
1.578704894876821641e+00
-2.741970567724419938e-01
1.096384422978594064e-01
-9.980625441128223585e-01
2.319317823385661725e+00
-1.254099341457579175e+00
-2.007757148209138975e+00
-4.194015737134093591e+00
-7.936287544736006794e+01
-8.404860935510921394e+00
-3.978940458613008602e+00
-7.302296829513905962e-02
3.072352571574440416e-01
6.942539576672923651e-01
-6.467734343285591603e-01
-5.457312478744248407e-01
1.351059544726535222e+00
-1.052253356671507589e+01
9.136916901354159570e-01
1.590534692863621924e+00
1.591873427817828812e+01
2.278308802204139116e+00
1.784792676300180625e-01
1.858593657784972653e+00
9.515371419522276053e-01
-7.293210570683847038e+00
3.419088256636476864e+00
1.419036300292376429e-01
4.733838378201088992e-01
1.892021029134503207e+00
-4.154682802033921263e+00
-4.654434140664058805e-01
2.813562933853637649e+00
1.519198452932619903e+00
1.356368461843285189e+00
-1.123058973298386581e-01
3.348390341666934944e+00
-6.982719871838063419e-01
1.498302254288349733e+00
-1.242770154549175032e+01
-1.237867934301489825e+01
2.488746451379082458e-01
5.047695784100777239e+00
1.856285287196178801e-01
-3.511558651269742093e+00
1.063277274451784882e+00
-2.814728801929927471e+00
1.738341905551110900e+00
1.831713661435547635e+01
-6.301974609717194697e-01
-1.542184891568931349e+00
2.695571005254767671e-01
-3.541347539376057618e+00
-7.053504978113013912e+00
2.150825685117278230e+00
-7.601661898379047377e-01
9.771689903436323044e-02
6.391830655303194497e-01
-5.630936503576688956e-01
1.517062896246613946e+00
2.937017746613736491e-01
3.681426470430312126e+00
1.860528828981631522e+00
-6.605307249643332934e-02
2.355928222515526471e+00
1.295933525767681171e+00
2.089316122409699550e-01
-5.554919344849206908e+00
-2.498601589779895882e+00
4.978936709711042852e+00
7.392366508074255105e-01
-4.147881398252447616e-01
-7.557848788539895946e-01
8.192454899706153038e-02
3.071815890108174907e-01
1.728455263553825838e-01
1.098479685201182221e+01
1.426058436235710269e+00
2.679204991339439346e+01
1.172968716749782647e+00
-8.951367131677363531e-01
1.012815456553817661e+00
-8.861001947687493496e-01
2.620793664418726854e-01
5.494692582393742697e+00
3.214354788997417778e-01
1.847055505898747008e+00
1.865696484630441798e+00
1.936209311204073469e+00
1.907191381490301429e+00
1.917121050952426131e-01
5.593929201510718485e+00
1.117104231902671385e+00
-1.294131385114499544e+00
4.059476026428817524e-02
2.136009209724504032e+00
1.942004940319280504e+00
-6.059057067781465911e-01
6.305162578032845744e-01
4.663104351984731499e-01
9.265489535668133270e-01
-1.684481905991199957e+00
5.906191183498523856e+01
1.750911646818300027e-01
-2.119570235344245823e-01
6.489190205793840427e+00
-4.099247083404753411e+00
-2.741016409120915931e+00
-6.762513408908510382e-01
-6.896965541769171537e+00
3.468237257290675002e-01
6.754085157809759821e+00
-2.726622721427585994e+00
-9.025019913843299602e-01
6.455262322116128715e-01
2.434925432041851412e+00
-1.994889074078401991e+00
-8.290733638563735353e-01
1.236540876545589640e+00
-1.286268872314277445e+00
7.938762460048681469e+00
4.410913038393764474e+00
-1.008508619434630660e+00
1.602832522070195997e+00
-2.341021938613496722e+00
-4.877329852168176272e-01
-3.238553023282413346e-01
-2.877247554807377261e-01
1.564245003293734726e+00
-1.116265297253815625e+00
-2.170604918277623252e-01
-2.113379195679376821e+00
7.605432853439160201e-01
-5.037801334395947128e-01
6.733197288508696587e-01
-9.784139181778451544e+00
2.085318214897470490e+00
2.240555348847780071e+00
2.440664136938953011e+00
2.767766341830371624e-01
1.532448544343404429e+01
-1.227360662767607913e+00
1.821253026563230126e-01
3.683839900123638267e-01
-4.897666038591317328e-01
-7.168836912065541800e-02
-3.470503762329855135e-01
