1.762948552696141924e+00
-2.213521727985865439e+00
-1.825179110842629626e+00
7.645030355086075424e-01
-1.915632986589669517e+00
2.597193494030803684e+00
-9.983286441706837877e-01
1.930156898948539368e+00
1.068507217900396267e+00
4.625624748901357108e+00
7.873601922297688294e-01
-3.877319299225228666e-01
8.391780938242723309e-01
-1.874832149552337235e+00
3.629321210512278739e+00
-8.363592064124927283e-01
-1.454989250025148007e+00
-7.296398373718910868e-01
-2.055911831297717374e+00
1.186101689408705528e+00
9.784073117124683638e-02
-4.517319010844342286e-02
-1.038592826881114206e+00
-6.148680541437304692e-01
9.109530504039483612e-01
8.200332110403592001e-01
2.818768479180513431e+00
-2.799071106399682485e+00
1.976441096877056686e-02
1.374149455098090666e-01
2.190604459876222876e+00
-1.225115283560281043e-01
-1.336065331012163127e-01
2.604425620379605122e-02
-7.208210135613249969e-01
8.661897578561318367e-01
2.601510391877516204e-01
1.838528873980145306e+00
-2.167022865913082186e-01
1.626164652109387543e+00
-3.395920032840820113e-01
3.170594618014519916e+00
-3.233557107531278563e-01
1.267720826472941986e-01
3.589509026624710053e+00
8.492298383046335830e-02
7.757368103515316360e-01
-5.188816837757681544e-01
-2.053979995420945226e+00
-1.016831299671534072e+00
5.305019212378281335e-01
3.189959745541803282e-01
-2.581396707721256067e+00
1.598581302248452407e-01
8.055083603630157629e-01
1.031555287686894085e+00
-4.447671524472441296e-01
-3.096257873658446513e+00
-2.224924311065114679e+00
1.875792338872616760e+00
-1.852939104032772288e+00
8.668053744117797388e-01
4.476965036639161122e-01
7.178001411687084943e-01
1.489391317258401459e+00
-1.926991283813847544e-01
-2.974858952301506210e-01
4.181261548151889440e-01
-1.808552842141359474e+00
1.693367759001495498e+00
-4.467608007757993271e-01
-3.578865856473995022e-02
-1.240406829757759510e+00
3.174199999487515633e+00
1.729365874248277590e-01
3.577944908988150985e+00
3.459919388860272171e+00
-2.578666968162048434e+00
4.002465498888591600e-01
-4.903720977776120371e-01
-3.091092997092373951e-01
-1.948232969075069099e-01
5.065157784055727141e-01
-1.463319087747156910e+00
-1.969847865425245814e+00
-3.007582060550332059e+00
1.652463288305964895e+00
4.102894425025036540e+00
-2.602123302561293983e+00
-9.319052340684468305e-01
1.726802273776744556e+00
3.173679038010417841e+00
-6.409120997906827988e+00
9.154534453148325257e-01
-9.431266433417601069e-01
1.669874719130809870e+00
-5.795895784338189749e-01
1.499590403281994888e+00
3.643158414678784318e-01
-1.391716207178987696e+00
-9.775909955185325684e-01
3.103482284639943245e+00
-2.058539465211526309e+00
-1.769313815122171896e+00
-1.395846398144205747e+00
-5.312721895299206132e+00
-1.221926708509175397e+00
1.273569091743328441e+00
1.708453190692706070e+00
2.695318999963003392e+00
-7.832305057209383303e-01
1.432873767008472576e+00
1.104069883582578404e+00
-3.033702737393842774e+00
-6.584728934202270789e-01
-2.192201072319758914e+00
-1.771317559198240632e+00
2.618682379724500464e+00
-2.545927383351441975e+00
2.404628202697860484e+00
1.214582522272950937e+00
-5.130989742222892280e-01
-2.447590871934812284e+00
1.855038548254474673e+00
-2.362307106563692027e+00
2.567400023654740959e+00
3.138601803574214144e-01
-1.365694940732037566e+00
-1.185126715053443025e+00
6.223003650565506639e+00
1.229166342588659644e+00
-3.539056213625918490e-02
-9.696191064992071285e-02
-2.295286121807681212e+00
-1.543359083068371218e+00
-8.979314325173141098e-01
1.353459219877401365e+00
-7.926625324290554886e-01
8.733214524475158003e-02
-2.458084404151216484e-01
-2.755583652972263931e+00
5.522201779120798903e+00
1.293261910216764177e+00
3.007132644852704706e-01
-2.721313313098466580e+00
1.217748700686865249e+00
-1.669704991683881978e+00
9.924311156794225486e-01
1.364653501570322724e+00
-9.184879188704853092e-01
6.902664560205202804e-01
-5.964071096746632605e-01
-1.266060003941452017e+00
2.098272296434376960e-01
5.631285531351348794e-01
3.350726536061987559e-01
-2.285705898682052206e-01
-2.807678634215470814e-01
-9.234869757656090361e-02
-1.260490240957852137e+01
-1.526466733361585781e+00
-3.815312575474137380e-01
-1.535413302652615553e+00
2.280922536255519439e+00
1.846298633230071262e+00
-4.993254659275842555e-01
-1.521243106100473863e+00
1.023156356132342903e+00
-2.106657223726841277e+00
-3.920016986390579827e+00
1.622926258643152098e+00
1.251760956329804886e-01
-1.725732001515844383e+00
2.173246901602332026e-01
2.620857311355184294e+00
1.438221219813801133e-01
2.620791119949733350e+00
-1.790476671932306196e+00
-7.347301759637513641e+00
2.398280870349174254e+00
-1.489136367360034408e+00
-3.438862735577590257e+00
-1.488482631984400006e+00
1.299001806274435067e+00
-8.255081377788724417e-01
-1.819822431616215486e+00
-2.874609838574703202e-01
1.328182221333950308e-01
-5.259607010682517680e-01
1.618928039646429617e+00
6.096643317031915643e-01
-2.019364164828448160e+00
5.008480215130992619e+00
4.747775534061390301e-01
-2.185499980012539201e+00
1.497705257301573667e+00
1.583263548613104454e+01
-6.081639218156492888e+00
1.681230054415360442e+00
-9.442104954036190101e-01
7.678574770221635593e-01
9.382541832845046059e-01
-1.707833095608721763e+00
7.923806760887445177e-01
4.841816260669761646e-02
-1.153798442849976347e+00
-1.709249377035486628e+00
1.777532262251835249e+00
-4.827481493067569573e+00
6.775964731819814069e-02
-5.954806297245377467e-01
8.265371955218970834e-01
4.661174680337671461e+00
2.960322931231126553e+00
-3.947480677747536859e-01
-2.504438573557746128e+00
-4.044805559790848326e-01
8.751361949318188505e-02
-8.276695929788495387e-02
9.021702272649998022e+00
7.906270548729947834e-01
1.428966889461869894e+00
-2.669920129020784128e-01
1.569488749740103328e-01
-2.278771450800159304e+00
7.921151365961532909e-01
-3.693371622219810746e+00
2.522389124782241865e+00
-7.555089724663421880e-01
-5.542382905518420388e-01
-2.608075848730167401e+00
8.413677370615598727e-01
-2.384142534088567356e+00
-1.718082963139208053e+00
-4.009186289581392199e-02
-2.382123968251399493e+00
-1.454679448254424246e-01
-8.563461050397796370e+00
-3.084371572830501007e-01
1.316505419990232628e+00
-6.038510881722292112e-01
-1.756639093114876538e+00
1.907707018964778900e+00
2.949372676020817430e+00
-8.072979393568003870e-01
-1.488815258027803345e+00
2.920133866065270034e+00
-3.588424497207715058e-01
7.713111281453857160e-01
-4.084897821394115613e-01
-1.544718062364481170e+00
-1.215843061670745850e+00
2.047681546550307097e+00
5.412304465248707430e+01
9.769734322873548926e-01
1.286336105321743029e+00
3.509315953256705312e-01
3.064014205523867940e+00
-1.544727138479892403e+00
2.163315468375407669e+00
5.830859646226006499e-01
-4.244755266582320274e+00
5.846972434196507917e-01
-3.452805394935404060e+00
-2.070170025964594984e+00
