1.396671997137677224e+01
1.971411888836941184e+00
-3.791513426649544272e-01
5.412072773280476312e-01
-2.018962214058946381e-01
-1.548732182886978448e+00
7.250437704893395452e-01
7.980412450135517810e-01
4.870208395595399531e-01
-5.246124434756792576e-01
-1.424920629187438337e+00
1.245031520704722450e+00
-2.289308930074280468e+01
-1.644971752352757166e+00
1.217812293377489030e-01
8.042196500070859511e-01
-1.532975090977326316e+00
-2.110100425770755184e+00
7.314660685504364990e-02
2.180900726757594388e+00
-3.452018356606728622e-01
-2.060230180502640174e+00
-6.509655920447637856e-01
1.850939564993406616e+00
-6.026632826164069964e-03
-1.448919870436061741e+00
-1.243378976634300193e+00
2.373225940819348345e+00
4.456895390774864296e-01
-1.136025699587170701e+00
3.362928386697794370e+00
-1.684962968588874510e+00
-1.446094118401747286e-01
1.228820580324386746e+01
-6.554756283583700327e-01
-1.534017679579940285e+00
3.978913715999284895e-01
-3.032105788755655507e+00
4.638038757022371783e+00
2.814503548841814640e-01
-6.669303008342266637e-01
-3.231050335164578624e-01
8.882131652943597855e-01
-3.895544773690066687e-01
4.479483749357627831e-01
1.845293801405614609e+00
-3.794978204893241225e-01
2.054146424195560261e+00
-1.148608000506486232e-01
-9.209788733398353244e+00
1.105783566731470380e+00
-1.203600129777464778e+00
4.861626038739541023e-01
-1.730045073390186205e-01
-2.415772088726420574e-01
4.001855720531860783e+00
3.540285735495243280e-01
8.681312799126306157e-02
1.520555470536328002e+00
1.006339558126127798e-02
6.814632430682072695e-01
-4.587792485082876071e-01
-8.300861306709476917e-02
1.138321184549801801e+00
7.590234701967233377e-01
7.092879254258197541e+00
-8.108069336912657743e-01
1.614301571985442774e+00
9.424496862238989081e-01
1.606662177184438600e-01
-1.181753056662204537e+00
2.056780372394185541e+00
-4.032225749632547540e-01
-3.164867445752607422e-02
-1.545789535540428528e+00
-1.061680434228595260e+00
-1.339135705753871974e+00
4.192599196926606986e+00
5.145251112102022795e-01
5.245832978195953400e-01
-2.182667040397422431e-01
-4.212378586019656979e+00
3.358073857655582195e+00
4.930874872861590319e-03
-3.712511231927503985e+00
1.349214611652412188e+00
-3.197400292886256601e-01
3.537124807746029553e+00
1.032257645273327862e+00
-2.949084379769297826e-01
3.554976052013064658e-01
2.169993638176116679e+00
2.850075702282578671e+00
1.677075010103359909e-01
-9.757832873052091349e-01
4.410418634129887883e-01
1.358519981561521650e+00
6.823596901782220669e-01
2.064299309469130428e+00
-2.351220370394970782e-01
4.992042021660948736e-02
-8.265964489164306928e-02
-2.549554928449042634e-01
2.345059866378211288e-01
1.018001437247718771e-01
5.472241137104485453e-01
8.882405789411056407e-01
-3.894861388035229410e+00
5.950031832585830571e+00
-8.195058993149192395e-01
1.482113874677098098e+00
-4.652368442176066310e+01
2.965207923506940624e+00
1.682565246159843042e+00
-2.805479317939991724e+00
-8.011981102733993776e-01
5.523254371920488737e+00
4.156065025944124525e-01
-1.664267298168013909e+01
8.046726432495168724e-02
4.482531097470229264e-01
-3.243513744857005054e-01
7.579486942673201444e-01
1.352857937744416317e+00
1.987066724404718432e+00
-1.605322958715321158e-01
-7.922304379089970539e-01
-2.226090932336461103e-01
-1.878687119672639919e-02
3.523292930162528869e+00
-7.194569102822466755e-01
-1.072928475302513895e+00
7.659928364997318218e-01
-2.282561942633982710e-01
-1.460152708953743605e-01
-5.080008622451489542e-01
1.544092564785992661e+00
4.890801440393622856e-01
1.834559041060563334e-01
1.888387491748497515e+00
-2.887438937479210876e-01
1.507398522250975592e-01
1.671405955326056514e+00
-9.090456293275392952e-01
1.374186291377044622e+00
2.430899300824737597e-01
-8.306169202738683532e-02
-2.534060940253282102e+00
5.341735707038119951e-02
-3.256276356550740214e-01
2.096660158417446573e-01
-6.484856189157236495e-01
-1.095965820903357590e+00
6.874961984725402875e-01
-1.890272037414715722e+00
7.902657248252162314e-02
4.736226518632116189e-01
-2.473038276717316020e+00
-1.414105733606343396e-01
8.378432336091308219e-01
1.631188584337461833e-01
9.356868307147673258e-01
5.535301772599374726e-01
1.650872642069395546e+00
-2.043701636655277198e+01
-1.092419210939477026e+00
-7.155326384530477091e-01
-3.213165670683296171e-01
4.534965907867752888e-01
-3.583844648849833781e-01
5.032197604339872399e+00
-8.564231762977215778e-01
1.386110840343660056e-01
1.639851320482903674e+01
-5.482459231720049342e-01
-2.290053482227929205e-01
-1.418659366623043594e+00
-8.785389335742572747e-01
-5.969252375865872207e-01
-2.069605893760544379e-01
1.675553569123072961e+00
4.333548670934743718e+00
-3.107019813252462903e-01
2.831609281859648330e-01
5.478455405308636728e+00
-1.765136758016487395e+00
-8.636307426699760814e-01
2.426414509336364267e-01
-8.288001069373843066e+00
-1.670835238990245220e+00
5.742763574202225385e-01
6.357715529477303562e-02
-6.506126506726558567e+00
-1.642849647647621758e+00
3.456844665968563102e-01
-1.580098750846485878e+01
-2.202146726853719372e+00
3.297513720947542470e-02
-2.877060765458172575e-02
-5.185006022451443819e-01
6.933797818824897208e-01
2.165234155250060077e-01
3.529118666068760124e-01
-7.169329212253389150e-01
-1.158534188936155784e+00
-1.201139275868140510e+00
-7.157189714251983581e-01
5.702377856113903798e-01
1.384354631396397473e+00
-9.822631881820843847e-03
-1.356899670857190543e+00
-3.302562034010869674e+00
-6.616872317660670300e-01
2.677604745651266605e+00
-1.839651009786944513e+00
-7.692278349234316082e-01
-2.552233070214543709e+00
8.776032008016045882e-01
-8.357116028238019689e-01
3.264322915892292065e-01
9.880141584146318046e-01
1.699338368509329955e+00
2.689522072888779203e-01
3.681890816975448288e+00
1.391041386958246973e+00
-1.293683476335882876e-01
1.303057953388035095e+00
4.452782486476125623e-01
1.143811848122975094e+00
8.406391625834891412e-01
7.132440636876233864e-01
5.138657213192427964e-01
5.792511994931677233e-01
2.060245717291492085e+00
5.793709785200341633e-01
-5.021594633692086918e-01
1.441679106280159939e+00
2.859148793743028216e-01
-3.377999198292177541e-01
-8.005945599031654147e-01
4.083151575715551651e+00
1.283851303544080835e+01
-3.465788597966646734e+00
-2.131471521829165550e+00
1.912738215604582681e+00
-2.606879600952680121e-01
2.175131722395730605e-01
1.285288490535174688e+00
-1.308617330433516912e-01
-3.117100853922022408e-01
1.128104481891617494e+00
4.233073088559676234e-01
1.619332514325382000e-01
3.384318112056197148e-01
1.135562960483327721e+00
-1.203476780845997018e-01
-4.287886297808076730e-01
6.271103223473944999e-01
-4.620773567835666507e-01
-8.251036159580502627e-01
-2.002266210395112989e+00
2.768356972805370297e-01
2.297543491881200328e+00
9.130436180972156812e-02
7.435233624670152253e-01
