-1.761864910872594225e-01
-2.303095447979300880e-01
4.853945403485460108e-01
4.628987650200304116e-01
9.985885524408436020e-02
-2.274723648483704258e-02
-8.663208986950036161e-01
2.162710906041337422e-01
6.834481732069268567e-01
3.224943362105748834e-01
8.594348775684713670e-01
-3.950844017739678082e-01
3.856285949955389203e-01
-1.628446535002482098e-01
-3.972960781199231795e-01
-6.097189470230931496e-01
-6.224785144583280250e-01
-4.014030441071279043e-01
2.235817867024885164e-01
2.070398120158656666e-02
-2.160892786781228647e+00
-4.731767701449212660e-01
3.690706032962112193e-01
4.163205808087068194e-01
-1.378015546089094712e-01
-4.029729254124384853e-03
-8.060194537832408024e-01
-1.276792606708778921e+00
-1.031916880897941757e-01
-6.675330229874365529e-01
1.735328041195842275e+00
1.082722899419791274e+00
1.079725527835672771e+00
-1.306786517599722308e-01
-3.450222466357092399e-01
6.323987286007807240e-01
7.785888951832056204e-01
5.332254521842414441e-01
-6.560218853872975542e-01
-7.429890437483792631e-01
-3.800922707653203031e-02
1.064969036155112292e+00
1.082325827324567280e-01
-5.256881438954859043e-01
-1.515464377016057185e+00
5.114571107165293284e-01
-2.940011098571261305e-01
-8.461080635650093662e-02
-5.168648503294893670e-01
1.074041326933936835e+00
-2.620020034103454076e-01
-1.020399531165044338e-01
-1.555976178017036693e-01
8.826852514646843506e-01
4.210120772966653990e-01
-5.875913077392204142e-01
-4.105677098090307897e-01
8.681927108600515641e-01
-1.887526167593871484e+00
-2.056715243703306217e-01
1.515880744812300396e+00
9.850210230393448008e-01
-5.547433637230669845e-01
-4.366913050455201173e-02
6.674066459818051023e-01
-2.397175638117875707e+00
-8.288595219704554262e-01
-3.018788604315237115e-02
2.669986417357931296e-01
-2.701901465406703617e-01
1.081064327580546935e+00
1.616142680079233479e-02
1.152098001038915243e+00
-1.635811903857774086e+00
-2.158113620297631985e-01
-4.784159214598098231e-01
-3.281297705957276767e-01
8.420030844142758486e-01
-1.689162540646811303e-02
-5.092297698596801037e-02
6.458781135376410631e+00
-2.424622815143363752e+00
1.180992493964021062e+00
-4.128333651180421393e-01
-7.852299797389385994e-01
3.181285388494728972e-01
-8.746156804701821219e-01
6.208551215112130262e-01
9.022195538155646233e-01
8.442441918356835551e-01
-1.073767031317901965e+00
1.661628344449103345e+00
-1.502934998845611325e+00
-1.952105583938217592e-01
9.092800260899460696e-01
-2.033506741731305301e+00
3.789943810786889244e+00
7.422206128079775755e-01
-3.721409136725143951e-01
-1.953394220119243629e-01
-5.565880990622784630e-02
-4.727761789185619401e-01
4.905708330816396234e+00
-4.540890824792567781e-01
6.674530636430804353e-01
8.838427449019411464e-01
-6.179732960195074565e-01
-9.107140445342545299e-01
9.616183279012521234e-01
3.399123085698249058e-01
-8.615199286388467437e-01
-7.348665285863980046e-01
5.217670196569301755e-01
-1.165291320544359632e-01
-6.169917611378037403e-01
4.281356045338627347e-01
-9.021071281635114625e-01
7.052610170107886933e-01
-2.992021438295656144e-01
4.357252880264241846e-01
-7.269001434969124542e-02
4.027857124628838603e-01
-4.515085693976517156e-01
1.531970008407587680e-01
7.805375808419541261e-01
-2.311560477310169448e-01
7.247541528764405161e-01
7.204439869431826793e-01
-6.431090363674717425e-01
2.584828469257380301e-01
-6.800525348552838301e-02
4.212767320123460002e-01
6.499041270740081311e-01
-4.890615112532764597e-02
-1.548033105787785413e+00
-8.864899676102969694e-01
-1.910224060603006757e+00
-5.172952136129945755e-01
2.265404562585492942e-01
-4.952890722010801217e-02
7.555790853947698116e-01
4.993656710779114105e-01
-5.436364896497377641e-01
5.018215342296533654e-01
3.815166642329217428e-01
-3.433998436424051670e-01
-1.299451290172636719e+00
7.947744568669450338e-01
-8.453346321149047826e-01
-2.261545739512032416e+00
8.102613569823812867e+00
5.621222722506331593e-01
1.363817491084677203e+00
2.053744030051000813e+00
-9.259404787308855855e-01
-2.447094575668048444e-01
-6.905193441595556259e-01
7.816477729514115236e-01
3.255628303382174793e-01
-1.157974094827559242e+02
-4.076646772343434644e-01
-5.474783034198660303e-01
1.019629614628137171e+00
2.702234949821900045e-01
-1.035332876653034084e+00
2.716772991475281396e-01
-6.058051747874422244e-01
6.994370931995110396e+00
-9.837007024780634878e-02
5.899211011808158656e-01
-1.289052616419453567e+00
-8.458595383803123591e-01
5.686927524220500629e+00
2.231833207693652010e-01
3.957157525641481488e-01
-6.528384736455079551e-01
6.415505068456341942e-01
-1.202443232150854219e-01
-5.878164778350412900e-02
-3.009683210507258622e+00
2.899991858582412485e-02
1.466587337959295717e-02
-8.336002177925562473e-02
-2.753925031799706047e-01
1.894919963840285479e-02
1.321621277769392117e-02
-8.210150835601366381e-01
-2.139843073953668906e+00
-2.719753778673230649e-01
-7.980698767625384882e-01
3.172236290900289024e+00
-6.738355532782536184e-01
5.266871984594799549e+00
1.158436400360059126e+00
9.554331847417637524e-01
-5.329297633545684754e+00
8.143658334022448875e-01
2.369923294010257142e-01
2.582975752926277777e-02
-3.261862267193965659e-01
-2.599549247679902031e-01
-6.392800781940367605e-01
3.276629156349648020e-01
4.682757586672309236e-01
5.803831611645478006e-01
4.398629095097725261e-01
2.016012284030443080e+00
8.313355106995274912e-01
-1.051546667667380808e+00
-1.841058516086553354e-01
1.825787164804067442e-01
9.646060825857452614e-02
-1.116820930842028714e+00
6.582273413224192238e-01
8.857468570844537759e-01
5.228391596218443516e-01
6.776413170463273516e-01
7.921056879266658024e-01
8.250202637330747990e-01
-3.528593947232759875e-01
4.858249445179192438e-01
-1.528470265364025027e-01
-8.093862795694768408e-01
1.918469252235874001e-01
-2.243390147088809017e-01
-7.264193409188668404e-02
7.466505662118320119e-01
7.980442626591532918e-01
-4.476622956873832493e-02
-1.876614364426200735e-02
-5.830075450829208528e-01
-3.430832316636767687e-01
2.172480922717888063e+00
3.788342473244166175e-01
9.183658525696422603e-02
-5.264031918282897626e-01
-4.853930879418086874e-01
1.733494126886603870e-01
-8.706075944404027822e-02
-2.914968557268635685e-01
7.861290513322707341e-01
-1.381239312782638118e+00
3.328432080942332338e-01
-7.841590721130463626e-01
2.418484187706838040e-01
-2.788886545867029776e-01
-4.014564967922537586e-01
4.224550619586694977e-01
6.830392172892382208e-01
5.937615120871436725e-01
-1.923203862929660501e-01
2.978049225211545914e-01
3.027530770531694504e-01
8.447455783467678891e-01
9.489740141459712675e-02
-4.619469654298700989e-02
1.384086709774446078e+01
-3.900292869748457347e-01
-6.315307630837583286e-01
3.859360028477167304e-01
-7.491118572256185715e-01
-5.214762203199743151e-01
-2.497479196687908132e-01
-4.950600283098737009e+00
-9.056597994502969540e-01
