-2.063350516923457612e+00
2.470244229545406345e+00
5.600292937515675140e-01
-2.449138764602822427e+00
-3.982907017883873912e+00
-1.205294788341876089e+00
-9.130540965352963723e-02
-5.088549678346674376e+00
-4.737269236679483853e-01
-2.993867951179424836e+00
-1.135761249558708275e-01
3.637677424270597726e+01
1.483264708535635856e+00
7.365324309170856454e-02
4.429678666293837885e+00
-1.643717058955967314e+00
-3.404635082412016400e-01
3.002424543736210705e+00
1.083600377487745403e+00
5.571934462987415237e+00
1.418393701496494019e+00
5.765288176369892659e-02
-2.655525764038640268e+00
-3.654808122580579521e-01
-1.868155283632642050e+00
5.736363080533933845e-01
-9.963404819240697652e-01
-2.800079652849921885e+00
4.242300961298292705e+00
5.256699038610694874e-01
3.951176951077572941e-02
-3.147668402870457682e-01
-6.442179446355897898e-01
-2.082788814748841588e+00
-7.813061349577149484e-01
1.575802828522396004e-01
9.222243350358976244e-01
4.738220505024707818e-01
-7.254268695185184246e-02
-4.803388423776544514e-01
-3.936090796710364881e+00
-1.828171675143685171e+00
-1.193684439365717331e+00
-1.640023809551619305e+00
8.472697681793365243e-01
1.609683399284092875e+00
2.205415578206904925e+00
1.507305788586108974e+00
-3.093210264986508307e+00
-6.171214746458728584e-01
-1.265487621029963927e+00
-2.960399330197275969e+00
2.453507740580131102e+00
-1.045430961515852797e+00
8.089004704305784166e-02
3.694294029195985818e-01
7.987163282875601178e-01
3.946961241248966301e-01
-2.957320675769169682e+00
4.013104166453820287e-01
-1.048889589737186157e+00
2.755575056594050665e+00
-6.607245044989804583e-01
-2.514570518376312958e+00
2.967962537293074021e-01
4.178974922485229060e-01
8.757752244532420960e+00
2.088751472869468939e-01
-6.556609768694425799e-01
3.010938271811673950e+00
-1.423296067260496400e+00
-5.361148361634739956e-01
-4.529722191045910229e+00
-8.043131874914646318e+00
9.813077389978237530e-01
-6.710731517784370714e-01
-2.406059615036066024e+00
3.443029783528304133e-01
-6.253848262422726512e-01
1.699835954428559337e-01
4.949506000557777896e-01
5.752291269394640971e-02
-1.624128965197519481e+00
-1.718177725027494551e+00
-1.024768572042684678e+00
4.223937537423922556e-02
-6.165553882046206358e-01
-7.551912261652347080e-01
-7.637911023120510512e-01
-4.316829013533919124e+00
-7.763308600212197597e-01
6.877309410685786828e-01
2.660118746538318035e+01
-3.650348055697260463e+01
-4.543726649045430221e+00
6.895225594564148963e+00
2.755753004729416755e+00
6.076060682704813587e-01
1.118671407302610721e+00
-5.658600421067924158e-01
-2.609118022650247948e+00
-2.190576660560815014e+00
2.648046997008078662e+00
1.332462015130903454e+00
4.812935650134579357e-01
-4.830289252250266063e-01
-1.032602135940818178e+00
-1.301749034168391050e+00
-7.990416065282966995e-01
-8.711661467200716435e-01
-1.095176520419135713e+00
-9.418892628307811155e-01
-3.965743971284099167e-01
1.897430348431053959e+00
-7.107356455673190521e-01
7.842910571689291066e-01
8.836372417029272341e-01
-9.049118918371202858e-01
-9.330948330124515522e-01
3.201605421743170865e+00
2.241896245300042878e+01
-9.227375989773355380e-01
-4.458516295748827796e-01
3.071707292948643531e+00
-1.606770631876526467e+00
-7.151350655356073283e+00
-2.725588519592887504e-01
7.076301564666359623e-02
2.519786294433697726e+00
1.489700617474766897e+00
-1.690378561311531413e+00
8.092547454801048978e-01
-6.678526331957637119e-01
2.746107575576645088e-01
1.645077584335447707e+00
1.327747737817983831e+00
-4.011439949718126563e+00
2.596797518827042239e+00
-1.193706985706836310e+00
-2.528398733173437662e+00
-1.430998238232242370e+00
-1.725508652398557441e+00
-4.958326076090933676e-01
3.091116222205626318e+00
-4.461639992860969572e-01
-1.454503363542680505e+00
-1.756183407601578761e+00
1.664237159339609917e-03
-2.880021039949245676e+01
5.136780532678033584e-01
-2.033356483190284614e+00
1.115181297162157747e+00
1.080701852784856865e+00
-2.509752810612415175e+01
2.900262578106264311e+00
-6.603413549270071847e-01
-7.088051626058545773e-01
3.091017752533119500e-01
2.905386536340079484e+00
-4.096276151711234270e+00
4.096321455761056107e+00
-1.949158175189290798e+00
-3.063822725871577113e+00
1.327264946780626564e+00
5.961274690459591463e-01
1.047910461774002933e+00
4.561249275487427868e-02
1.655558474309673400e+00
9.620811108972304737e-02
-2.944654081077163088e+00
5.068730162556087659e-01
1.430037368450026491e+00
2.753640357160442420e+00
-7.763399746029461257e-01
2.398902617296759132e+00
-1.074168919629975960e+00
-8.812999143313542394e-01
-3.298734515773589226e-01
-3.984610865612236541e+00
1.498307302278440556e+00
7.722218532798645896e-01
9.295085752595344530e-01
-2.806915271851827320e+00
-1.756368143957236727e+00
1.025528634908122072e+00
-1.806250286579460518e+00
-2.923662173242133622e-01
-5.040455056881615326e-01
1.523427367763707130e+00
4.764611878261459377e-01
8.773723801594502936e-01
-8.308513611244376929e-01
2.828214004190480191e-01
-1.832804639919593193e+00
1.168519341748365470e+00
7.553990826296439476e-01
-7.329185524494978843e-01
4.155380845560114444e+00
-2.080425363995935140e+00
1.311687191417336251e+00
-8.497431844095626463e-01
9.969023733025745848e-01
1.837939211748642887e-01
-7.369113934914749420e-01
2.673549164219248375e+00
-1.576018258151375306e+00
6.574573554375491291e-01
-1.908308912868157403e+00
6.862511724458585372e-01
1.495801706127749764e+00
-9.782168891642316622e-01
-2.543808537382771240e-01
1.566089285509759854e+01
3.343825478364442993e+00
-2.501785472566248614e-01
2.674764550584609046e-01
3.294191029841865515e+00
9.393885884121611074e-01
-2.097023599695151397e+00
-5.959387479379257613e+00
-3.825081381422782978e-01
-3.772203850454735274e+00
-8.496359271467247565e-01
1.463607520726510458e+00
-4.214327816658060000e-01
-3.517946084415838337e-01
-1.217789718036005553e+00
-1.605777766249127048e+00
1.359393442781404948e+00
2.574354129712846717e+00
-2.858678105325102337e+01
1.081632345642487003e+00
8.098379263519017712e+00
-1.806224676630247827e-01
2.040552083714035625e-01
-8.144321773832267075e-01
-1.569141467649586286e+00
-5.603398601167330462e+00
-3.217118128446762038e-01
7.131912880953111822e-01
3.356908894382968800e+00
-4.268611284939684558e-01
2.253765817063232646e+00
1.122710645261203677e+00
2.256405155399732632e+00
-2.300199139821801353e+00
-2.174816677437073631e-01
1.464770622241942655e-01
6.501815203847007840e-01
6.801024517467162411e+00
-2.597265397133480480e+00
-2.026625057426336696e+00
1.090427373666095656e+00
6.473838353089784725e-01
4.490687263710565702e+00
2.632601528651912649e-03
1.636157354757995286e+00
2.478899446997844258e+00
7.688848760580564712e-02
-1.908200292948259325e+00
-1.010982317890800619e+00
-1.884397124683236058e+00
-5.408662143938704148e+00
1.032017720633316149e-01
-4.558762032863326930e+00
