-2.605045676483480066e-01
-2.800805892985033241e-01
-4.560598828185478959e-02
1.910379547506829423e-01
6.732804704218493530e-01
5.298682653506554541e-01
-2.006129473159116827e+00
-5.056674009695776295e-01
-4.125590506915359779e-01
-8.617026284292479410e-01
-3.733891113321545774e-01
-2.464875551598649395e+01
-5.469705399957581760e-01
-4.845730265677809179e+00
6.361250025255489327e-01
-1.852224646869177871e+00
-1.793057513002943582e-01
3.307649407318418611e+00
1.090241756550018204e+00
2.288912582462777845e+00
-6.198001737233640451e-01
1.108186096987124059e-01
-7.919143703986955884e+00
-6.725265675956940692e-01
6.280727145340650353e+00
1.004428106948916710e+00
3.739325588620825425e-01
2.283207503522767112e+01
1.750444661332388741e+00
-6.305635961335713802e-01
4.032516752640942781e-01
-2.056709006133043138e-01
3.569656714909836825e-01
5.299501971813993517e-01
-1.018480748939158786e+01
-1.802352516708927377e+00
-4.328000862047794994e-01
2.951389619453069102e+00
4.058739740263651585e-01
8.582024294550689714e-01
3.431379130817514000e-01
1.117303619890011035e+00
9.969477614880746241e-01
-7.028093138311283239e-01
8.069314194231398396e-01
1.455418385839999662e-01
-1.139705626786983866e-01
-1.351777588785852031e-02
-3.693887931083296716e-01
-3.703648137393577566e-01
-2.293668080649934549e+00
4.295382752217825617e-01
-6.987024538544433838e+00
8.554525117869553608e-01
1.432318023648413430e+01
-8.172087453100365106e-01
5.372762641395535388e-01
-1.704947706566621690e+01
6.575729563743460959e-01
1.028937169153113729e+00
9.216151575415788555e-01
-7.735422785042354032e-01
5.785670778160446615e-01
9.226007606311112852e+01
-5.704477120232114284e-01
-2.493702821460327179e+00
1.198636630029160516e-01
6.864306024486747093e-01
4.316056638621005859e-01
-1.297243959201705987e+00
1.810100170557143562e+00
2.065608288761297817e-01
2.506357814640010617e-01
1.985943791879807852e-01
-8.338192921210162423e-01
3.095702064262624287e-01
7.480658468619670876e-01
3.428804480265660715e+01
3.159818681399266360e+00
5.560001716252491732e-01
9.415963673384776911e+00
-3.608423076097270754e-01
1.955238126154024769e+01
3.248887014694541719e-02
-8.394359478916503248e-01
4.872569628833872679e-01
-2.752899289982862818e+00
4.180125267647443743e-01
6.119035512484782835e-01
-2.181792903220632074e-01
-3.623668661831322968e-01
-1.547055301080218492e-01
8.231786153244666782e-01
-5.838584089776830410e-01
2.975020159884040893e-01
4.343282480057267803e-01
1.860550026815771751e+00
4.439321148542397788e-01
-1.198152524564346066e+00
-6.222233986880178591e+00
8.001878033230684917e-01
-8.134063737616106238e-01
-1.692814500392622323e-01
1.839064763873397845e-01
7.115206849030346614e-01
-3.562556423279651385e-01
-9.353128223578396350e-01
-1.552557735054449772e-01
-2.151869005928025991e-01
1.301070174673169877e+00
-1.164587340986121822e+00
-9.329296303680780778e-01
7.822119170318778458e+00
-2.893234973959777356e+00
2.861553132381504383e-02
-1.762576752407110092e+01
-8.064585690971205478e-01
7.791988899571582472e-01
-2.630082326279685190e-01
-1.875802890018654079e+00
5.765068687090134647e-01
2.219664687417515214e-01
-3.282424472374270152e+00
-1.868664531192680833e+00
-2.143259464325006913e+00
-6.041063345857240474e-01
2.179310127105411610e+00
-8.359472467048552069e-01
-5.558979978821391166e-01
-1.962124304329242730e-01
4.691576107389557049e-02
-6.028914911766282136e-01
-4.520938959736864327e-01
-4.294384766570109591e-01
1.167320559000536662e+00
-7.527335334640824493e-01
-1.750771977409971036e+00
-5.770292951128537240e-01
-8.205854463118625319e-02
-6.224444948155757329e-01
5.250386093260208664e-01
-4.203601310382009681e-01
-3.827629548186487707e+00
1.382908771899985789e-01
-3.452881564493794908e-01
-9.145578929895420428e-01
-7.472154645665665118e-01
-3.439681194964423760e-02
-1.942295282684836089e+00
1.971842357885355668e+00
1.995640754670188755e-01
5.898302921675733224e-01
-2.062016716178448839e+00
-1.175297891462050659e+00
-1.341110918349599779e-01
5.636418181624121893e+00
7.228773414682986287e-01
4.144477749575510295e-01
4.262479888334817502e-01
6.787594760732330867e-02
1.872362282885733920e-01
1.318716090817846354e+00
-3.780321546689856538e-01
1.234073603458257784e+00
1.558399768313767630e+01
-3.382160934895910298e-01
-6.460712685525272780e-01
3.852177043734583139e-01
4.051547533165742454e-01
4.844580744384682225e-01
8.275029443783248340e-01
-8.265392876873218775e-01
1.106820470271188128e-01
-3.839408690273093949e-01
7.111854449008426116e+00
-2.023268425863482101e+00
-6.915840360286291677e-01
3.607360338707923830e+00
-6.280658125427862615e-01
-1.517311873896279728e+01
-1.642577737372548796e+01
-3.941231384948739591e-01
-1.102184973840837046e+02
-9.959466062382142937e-01
1.352182188840617139e+00
4.937200588125502110e-01
2.625886033376777728e+00
-6.238431451951851336e-01
3.412079153391312514e-01
-6.597692648707855767e-01
1.828232320419098889e+00
2.527340897683589827e-01
-4.164642350450309949e-01
-6.762128606420075849e-01
-7.478592468909290858e-01
-1.966267203854490941e-01
9.589017843701135024e-02
8.552513998252676553e-01
-8.904410469740589029e-01
2.623785101081089088e+00
7.071860010479229519e-01
8.011426673905254203e-01
1.319104258535179541e+00
8.604086414776479508e-01
1.171207002372138373e+00
8.877966986246670078e-02
6.701464750291169281e+00
-1.936961285055399939e-01
-1.277541591669230092e+00
2.861599302295096958e-01
-5.977882476522435734e-02
1.019278830635261279e+01
-5.434847486058619337e-01
3.191888661216657042e+00
4.652447722256690676e-01
-1.374874883422569916e-01
7.796171602122677069e-02
1.291825673347463677e-01
-3.276138422715538789e-01
1.882531877394992281e-01
5.514625241112779408e-01
5.742760355188570864e-01
-6.345032417007195891e-02
-2.985775017606468573e+00
3.472636409377581890e-01
1.125693298985735780e+00
7.739828915986344260e-01
1.912541658642977538e+00
5.741647664624893732e-01
-4.880595021265195232e-02
-3.600387504383092185e+00
-2.716754747658565727e-01
6.159192720425895606e-01
3.622626659398215931e-01
-1.322841877209496086e+00
-7.721091756712367138e-02
2.836083369986596159e-01
-1.329392924599457571e+00
-3.401070586636741749e-02
-1.263263187289871345e-02
-2.377019316735890786e-01
-6.249974233635121834e+00
5.711582584829784370e-02
3.413456287757953289e-01
-1.347260883660883757e-01
-7.496129341361982279e-01
-1.706437786282136271e+00
-3.016277819097971102e-01
-6.945822924072726501e-01
1.635365681969350171e-01
6.315680707945552363e-01
6.408429175549489321e-01
-1.937747715368787649e+00
-6.288105309289198086e-01
-4.474928661300490995e-02
-6.023740204674160603e-01
-5.273686641391093222e-01
2.140446431386571646e+00
-7.081905050421113401e-01
-6.504498819222070960e-02
9.589934385265010963e-01
1.045593895650506422e+00
-3.193074320491515738e+00
1.002339298983681681e+00
6.503675829248031226e-01
