2.006590225775144454e+00
-1.985667438390542383e+00
3.632631122529451861e+00
5.589028462013644338e-01
2.289788039785205953e+00
1.397639427261501810e+00
1.538621073851616394e+00
9.697695954635890958e-01
1.400735592074225044e+00
6.584936633824675312e+00
6.297533261082682188e+00
2.410374053321143517e+00
2.169209273618768474e+00
2.405710131035929233e+00
-1.678430880296274630e+00
2.708112784993403355e-01
4.129626295265173219e+00
-1.428226177386828688e+01
-9.116417513054619892e-01
2.054347605747153249e-01
1.992198548886847220e+00
-1.796778018009936861e+00
3.000203574733632905e+01
-1.812157024627538693e-01
1.488584534111051516e+00
-3.262957035399192962e-02
-2.866694037405546069e-01
-2.504044338354912913e+00
2.309607717146079597e+00
-6.361788167635822333e-01
1.818088963900637012e+00
-2.801403674302485491e+00
-3.598588274865606174e+00
-5.739556735894696615e+00
-8.590128285159559507e-01
1.724561272611459195e+00
1.838097355459179738e+00
3.264423401477304587e+00
-6.808550656360129461e-01
-8.763960163394770575e-01
-1.337488790648115877e-01
-7.009826929551255859e+00
3.782048547130184346e+00
-7.052929735110933684e+00
-3.690905894973371959e-01
1.980533754563616355e+00
1.082802818062722272e+00
1.404052425496407353e-01
-6.923334890676212439e+00
1.541478257291260689e+01
-1.534499284307544897e+00
-1.923753813703178661e+00
-1.873478171879845444e+00
7.851824127294648736e-01
1.212815612949936783e+00
7.525505160629554213e-01
1.824658144498580992e+00
1.701379588921386077e+00
1.121679540410213782e+00
-1.359977741652814709e+00
-1.155075195662431886e+00
5.275437811342476380e+01
-1.073377213439585809e+00
1.071652510763138499e+00
9.604238312230921615e-01
2.048866949389220871e+00
-1.886865107456182500e+01
1.110010052226196864e+00
1.579463651554093628e+00
-1.980611504925554414e+02
-8.423315288667937439e-02
8.396031156944751217e+00
-3.800998594539303888e+00
-4.055892083774379486e-01
1.039386681954437008e-01
-1.336318523117244528e+00
1.623557312570549138e+00
9.008261078519816945e-01
2.651321790101344611e+00
-7.420413218122228205e-01
8.265333584720190530e+00
3.960426441635310990e+00
4.786822857930083525e-02
-5.232729584915940535e-01
2.076061964135497817e+00
1.021883198087683020e+00
-4.047833704090968432e-01
5.579884824214726535e+00
-2.259657575984646449e+00
-6.159759884464829915e-02
5.282966498392188015e+00
-1.212546911677344408e+00
-1.916609030463727237e+01
-2.611188528606733339e+00
4.374510125298940455e-01
-6.150984382677840756e+00
-4.235507904831240511e-01
8.683465765640936418e-01
-1.276742905337913125e+00
6.253071298597273620e-01
-1.079486447165786123e+00
1.122879797404523039e+00
2.798151941363734574e-01
1.640074828870452528e-01
1.282957248478022283e+00
-1.577274551596037355e+00
-1.135875993228493641e+00
-5.517709275625505283e-01
-8.583447995509825290e-01
1.436965353509965126e+00
-9.837456938999336042e-01
-2.763586469483280128e-01
-5.365862925983442722e+00
9.635949878846030714e-01
-1.236644187870577505e-01
1.128777017462540666e+00
1.785452961153104701e+00
-6.438531663133313376e-01
-1.910295858248023393e-01
3.006895646803471323e+00
8.108599695115502826e+00
1.423697010650524675e+00
3.771853439220141713e+00
3.038018688300914150e+00
4.621029792381530221e-01
-1.165280752403519360e+00
3.628613993236113444e+00
-2.695212003270547996e+00
-1.574073527762058333e+00
1.942017372690377552e+00
-3.079001117631917861e+00
1.611236492071165038e+00
1.198402998202628300e+00
7.938771123365823712e+01
8.505352954803759857e-01
7.293767236126471598e-01
7.520866448346312794e-01
7.852497787837668941e-01
1.699911580056506111e+00
1.482699654400743583e+00
3.301710252859862749e+00
-1.409508341386305474e+01
1.313147732609937224e-01
-9.201748452248325050e-01
-2.629370402899425585e+00
-6.653643057059930310e-01
-3.805577733055696132e-01
7.994731639216547947e+00
1.228603099210170191e+00
-9.562603831964868739e-01
6.766877206243415710e-01
-1.018362433935167122e+00
-7.969542368010169575e-01
-1.108928461381372133e-01
-4.672033268723116528e+00
-1.716526139871280332e+00
-1.536761025377757761e+01
-6.617225287364875141e-01
-1.049598697489918964e+00
-6.365099146697889010e-03
-6.372862855845848884e-01
4.052130605833149879e+00
3.466877512159175501e-01
8.675021368197919358e-01
9.078433026587080512e-01
4.412552479198621924e+00
3.597662332181230660e-01
2.819891867652561501e+00
5.006059701002913975e-01
-1.979547097861309723e-01
-3.437427346601578115e-01
2.521076846976052721e+00
2.180296050715377021e+00
8.577701722994790501e-01
-9.145914815756521765e-01
-4.243008070036426105e+00
3.389979820294607649e+00
-1.098472779568591129e-01
-1.294755863467619950e+00
1.165278270904129387e+00
-7.137878804233734886e-01
-1.730482708223975097e+00
-2.503818652729959737e+00
-4.812321199221069046e-01
1.550675441458781023e+01
-4.416159218895996830e+00
-1.505337452130856235e+00
4.666766137166233364e+01
-2.549161406305145761e+00
-4.465929340700455774e-01
5.960898435303771947e-01
1.965570718241768988e+00
-1.233964046709789653e+00
1.429163674876122725e-01
-5.471440425725562218e-01
3.392106761158606432e-01
-2.168448606664671097e+00
-5.425838371107689539e+01
-4.677322919840470661e+00
-1.100126986891338365e+00
-7.404225500227335388e+00
7.161793245707597677e+00
3.820257765566577035e-01
2.039624985049198536e+00
1.550707779172963763e+00
-7.664812362150343894e-01
-2.441070877275443585e-01
-9.422371553786413889e-01
-5.034149515250749829e-01
4.295448032790162074e+00
1.451075341057610490e-01
-1.066858200702194504e+00
-1.970227489026519674e+00
-1.290900525269859989e+00
4.828322219373976765e+00
2.821574260086028296e-01
8.298542273354960752e-01
6.098634814261895798e+00
-3.101548408355205844e-01
-1.667332225901022369e+00
-4.718982288298559924e-01
1.581572306176886489e+00
-1.023301392081673811e+00
9.387603133362900643e-01
1.818681475158934191e+00
-1.095724514159511775e-01
-2.146056044708139154e+00
-1.448387437351802198e+00
-1.470598551870030413e+00
-1.723764081916159929e+00
1.280185026337334053e-02
2.342636790758278742e-01
-2.724313998211523202e+00
4.187795740410336975e+00
5.465716075178725930e-01
-6.837484138695456570e-01
6.830145068799009511e-01
3.287104064072736698e-01
6.035469607194718478e+00
1.808263180737554210e+00
-1.248719741924700699e+00
-2.667867159658379705e+01
-2.199785241439341732e+00
3.194494138453321419e+00
4.708284431182002017e+00
2.469555992308690939e+00
-7.686177124715356079e+00
1.638138165986642747e+00
5.421581544039071332e-01
-3.175162533142267818e-01
-1.635414623301332471e+00
-1.456100410351912622e-01
8.109442928978118914e+00
-6.437564279500653797e-01
5.379212219566545272e+00
-3.982912003636714937e-01
-2.879799908678156162e-01
-2.948951564551724580e+00
-3.600263318367610044e+00
-1.155308766648780239e+00
-3.102393209905338622e+00
8.255114018046586510e-01
7.053925673641048277e-01
6.299519865538604213e-01
-4.706728489650557345e-01
