-2.058829144349277662e+00
5.364737340983303238e-01
-2.520114139779709994e+00
1.187767552329873189e+00
2.836398898770644106e+00
9.393948287025566390e-01
3.742891800103534394e-01
7.303343932826706908e-01
2.418596602533140238e+00
-7.775105215752204924e-01
6.075697743283119401e-01
1.087483344441635857e+00
-5.056312760481046276e+00
4.941766568625141076e-01
4.079601552179211055e+00
3.188859812374462255e+00
1.415995702583674021e+00
-4.687833153946051601e-01
-5.861143927862275227e+00
-2.984271646238640940e+00
1.279076581315969685e+00
5.335000100058933103e-01
4.347933501772263121e+00
1.309613481895251619e+00
-5.337913808794122472e-01
-4.911892174471359063e+00
-2.196980979537058065e+00
-1.801791406652926852e+01
9.258708223740503840e-01
-1.073646410710231258e+00
1.450460240470367312e-01
-3.018705340258394987e+00
-1.757641791794506414e+00
-6.427897656463379406e-01
-2.166508533501261269e-01
1.715150022283566500e+01
-2.091018311088459924e+00
2.096387609929931450e+00
2.685550383767599802e-01
1.510378587170869924e+00
-3.061160132105901210e-01
2.579616865788063040e-01
3.727221623872895018e-01
-3.645594905155646881e-02
4.886326327115815826e-01
-1.636304807460830846e+00
1.424983760099658214e+00
4.531339390781505272e-01
2.686349560898784183e-01
-9.817413349929848820e-01
-4.811957418468082448e-01
-3.646333788775482088e+00
-5.654956926381324855e+00
1.421108699655929897e+00
-6.962356245478261707e-01
3.263805217217396470e-01
-8.508434201434177391e-01
-5.344550620444235012e-01
-1.292295508978633656e+00
-6.098444338020737598e-01
4.621111999638409240e-01
-1.610894739562662714e+00
2.710728346776116182e-01
-7.371816283969065964e-01
-3.276057834408574898e+00
-8.610531122034073004e-01
-1.148575090788258590e+00
8.159456678321272416e-02
1.159978180242500434e+00
5.417559267385000377e-01
2.804765327432790833e+00
-1.528531406126907477e+01
1.410086830193495899e+00
-7.806527027195410140e-01
1.667140013423534572e+00
3.099626273088480488e-01
-2.822371424753292946e+00
5.752337423415461171e-01
-3.961934806284318711e+00
1.043308236696250058e+00
1.158868160659143332e+00
-1.890317027882636003e+00
-9.278583334917375192e-01
-3.830659082594199294e+00
-4.580622606616055137e+00
-6.317392129739676676e+00
-8.135255937377330326e-01
-1.642990273530269718e+00
-1.251721106938063599e+00
-4.103684263148903888e+00
1.056861485147287810e-01
2.488060815860968056e+00
2.014384459516683989e+00
1.194600533587577562e+00
2.853779675340259447e-01
-2.799178726982224585e+00
-1.785003229499563804e-01
-4.929431070857444031e-01
-3.277886038713659911e-01
5.090639302275011824e-01
6.137879379824530135e-01
4.965655374334883021e-01
-4.519498297504592199e-01
-4.357853333435315335e-01
-1.335165617105255498e+00
3.297699046265635037e+00
-8.548383027301269532e-01
-1.846529961286499821e+00
9.429993719320894918e-01
7.600907073976942430e-01
-1.511235248003785503e-01
6.665288231343306613e+00
6.724090584409918581e-01
5.226447331441449462e-01
-2.404061132189865002e-01
-2.736226975722629295e-01
-2.406595638444129825e+00
2.122705991554789229e+00
4.974433432824507229e+00
3.218038753403186236e-01
6.692669344329119641e-01
6.160308499714115538e-01
4.478147556792610828e+01
4.224895245295129387e-01
1.721060622312208799e-01
3.940092050206767116e-01
-4.832717775825626227e-03
-4.190933630823099776e+00
-7.341263565084474862e-01
2.564960996837037932e+00
3.565510874523603047e-01
5.326210485185270960e-01
8.492928126437784275e-01
-3.369782237547434556e-01
-2.208374365041314014e-01
-7.321879146521011350e+00
8.715587998244620493e-01
8.466034898808788567e-02
1.448658950707149895e+00
-5.761145188898235681e-01
1.648496885748088892e-01
-1.344288689325829900e+00
1.367138818782019172e+01
-1.246007023670486102e+00
-4.832809505776186398e+00
-2.603159278475829508e-01
9.793512660977830020e-01
1.997106271867739313e-02
-6.248821772655627216e-01
1.711447284120721335e+00
1.002381599655945754e+00
5.981643212635436857e-01
-6.846219831044627613e-01
1.407988311226407552e+00
-5.544867594937104016e-01
-4.222147187496886334e-01
6.955112096323534665e-01
-8.588351678880924434e-01
5.827979533500614373e+00
4.997651915018671565e-01
-2.677337788749485359e+00
-3.546907734160886089e-02
7.028303031533610357e-01
-6.398023503757523933e-01
4.155944760802520177e-01
-5.695374405162237919e-01
1.038294556369476096e+00
2.293144075497808743e+00
1.133644388097816869e+00
-7.304357890809554110e-01
-8.795425742187342744e-01
6.700369815508437910e-01
-3.940295756577829600e+00
1.185420969991239026e+00
-4.781153065911037281e+00
-1.458403380914859326e+00
-1.220947430164197822e+00
7.836350745906752735e+00
3.311440302049095230e+00
6.614445191727562623e-01
-3.936283776306394699e+00
4.311217752151105809e-01
8.903877933559519731e-01
-1.430243381696743254e+00
-1.025090405224833745e+01
-4.702275376030519774e-03
-7.604643680244858928e+00
-1.063900714405731751e+00
1.024029054254822668e+01
7.201095453088099951e-01
-2.241415989196324787e-01
1.939582619964218768e+00
-2.880626217444277160e+00
-1.358248196929566376e+01
1.714741420625994994e+00
-5.441972370865748587e-01
-7.373365219422813865e-01
2.243228467945789006e+00
-6.072747083444724608e-02
9.843786926730715425e-01
-1.653684095636540619e-01
1.802826420582371192e+00
-8.523344553223076714e-01
-3.251177986188601432e-01
6.600016437326816643e-01
5.657150592659478949e-01
-6.689575415120847524e-01
-8.856633618402844077e-02
9.812920276735806469e-02
1.000239601458445149e+00
5.940693978767392913e-01
3.310673041844684056e-02
-3.121266129702617853e-01
-4.303292922223728167e-03
-8.554863252153023234e-01
-7.534978754108174748e-01
6.452397822013022921e-01
5.012274340415514118e+00
5.286521152418089287e+01
2.553169671703628740e+00
-8.245852298467782893e-01
3.306217303212307446e+00
7.867820667541162993e-02
2.538949842681313296e+00
1.684629837295772425e-01
-8.734699518727224998e-02
1.822684048282142477e+00
-3.682181355798771705e+01
-8.877920890807888821e-02
-2.137014732583260468e+00
3.616284618968231834e-01
-4.222146451281050261e-01
-3.290922628547892081e-01
1.270854178437159365e-01
1.073362869881643888e+01
1.585882297514076500e+00
-1.880177556372268466e+00
8.144784703446936724e-01
2.320943164641780854e+00
-1.299416753768879024e-02
2.282924942574332539e-01
1.467548044454140665e+00
-2.869154113417162200e-01
-3.874751095417959257e-01
-3.015191410073395639e-01
2.695939656558069553e-01
-1.853361194154879543e+00
-6.997610832907051881e-01
-5.093826519864274038e-01
-2.136522828234527438e+00
6.790617362113804845e+00
1.610798646209463447e+00
8.342926706395284442e-02
-1.052958766959613657e+00
-8.450563808638204222e+00
-8.390626253840554050e-01
1.256948127886194477e+00
-3.513778970268909840e-01
1.311964170749009106e+01
2.535278154129306794e-01
-8.920510486410767825e+00
-7.830876391145960014e-01
-9.445149843216529284e-01
4.917437166885879618e-01
-1.242606063771066333e-01
