7.054095947316421089e-01
3.172320263412688579e+00
-1.293128312994123341e+00
-3.282122538505751308e+00
-6.777688710269345052e-01
-1.504186834011554286e+00
2.138187746842266368e-01
-3.915256442207791232e-01
-1.581077090549330100e+00
-3.590980427509735673e+00
7.610061761007302916e-01
-6.834892117181252669e-01
-2.662363731811784318e-01
1.014603217719939998e+00
-8.437973400453967487e-01
-2.298500213850591223e+00
-3.253967874517005754e+00
-1.825936034556757903e+00
7.906077407231568710e-01
-7.216208732456774744e-02
7.194602542984342985e-01
-1.084218683923405990e+01
1.195629447862369688e+00
-3.227624481031039938e+00
1.027094670658734721e+00
6.747994544829879482e-01
7.512046574943243016e-01
1.161100978441143905e+00
-3.054695935879878643e-01
-1.808907201670824305e+00
-2.878836702431812444e+00
-4.448002634825559132e-01
-1.945399400669723278e+00
-3.886337143696882990e-01
-1.244991279028318409e+00
-1.240424234892315125e+00
-7.234366490649523085e-01
7.847059631752925313e+00
-3.034139369520306939e+00
1.303171455656233491e+00
1.025120061309324981e+00
3.367899386253176974e+00
1.729301066645225315e+00
1.274484976160662919e+00
1.056257075647276146e-02
2.610208354578383849e-01
-2.023773739040750197e+00
5.545983404111420434e+00
4.269115743386643125e+00
1.622289357930674636e-01
2.093079590087663922e-01
-2.343904313326850841e-01
-4.978286679116941116e-01
-6.630426720840800758e-01
5.266816258376054716e-01
1.129273112558640824e+00
-1.440750938402152670e+01
-3.301678752468598876e+00
3.495301890026965286e-02
-2.769743378909545584e+00
-1.276031294078769474e+00
5.141446848847220252e+00
-1.752106013103753357e+00
4.372546195466150420e-01
6.568202378052568902e-01
-3.546684094402072773e+00
-2.305129502395236951e+00
2.524702828454954862e+00
7.406774001307347977e-01
1.922835924393607288e+00
-2.503678796683124208e-01
8.498781016787368969e-01
-1.983295641487692329e+00
4.231717642573099347e+00
-5.997911076499901739e+00
-2.617116210493767858e-01
-1.961495794946308324e+00
-1.547603353152586791e+00
-2.023922429084974439e+00
-1.091751047807470121e+00
5.883809404769418938e-01
-1.830643583719419931e+00
-1.736123406303059280e+00
-5.972077605604741990e-01
-1.951332720692964262e+00
1.242855613276029025e+01
-3.992072426609894475e-01
-1.127930944435384220e+00
-1.782869397100475650e+00
8.202053663545039175e-01
-2.168931888613715664e+00
1.254633465268892856e-01
8.637265034555028365e-01
-1.576886998366264114e+00
-9.277546240905699682e-01
1.255381824982960248e+00
-1.631269582171557486e+00
-1.017177432340947485e+00
3.151456183298742553e-01
-1.452816096856394346e+00
-5.275472191582231130e-01
4.162036672531737036e-01
-1.957384522175588948e-01
8.386808302707888796e-01
-5.980306605267507791e+00
2.395946545969055153e-01
-1.402732966056077446e+00
-4.630348433354138926e-01
5.915621907179970940e-01
6.310239593589882512e-01
-3.756453983140520259e-01
5.372342982572182457e-01
-5.474809046647942656e-01
2.415833064731087276e+00
8.392343408051440301e-01
5.144285355784756764e-01
-5.988076913089015463e+00
3.204501586355760878e+00
-2.245286930006685555e+00
1.411121979966778461e+00
-1.903142171583057429e+00
-1.917062541060136072e+00
2.501822653063949242e-01
4.762076497884096260e-02
-4.853727861267382870e-01
-5.267911523431669796e-01
-1.778928643212402250e+01
-2.602153360330404119e+00
7.073606189869141581e-01
-6.125842477290366350e-01
-9.938723393535138229e-01
1.070274057414666080e+00
-3.282715243306729924e+00
1.155745825014063088e+00
7.612144202680201643e-02
5.514842679820113336e-01
-5.681032944961935671e-01
3.337700758239569687e+00
7.205798709598542073e-01
2.248832977067012351e+00
1.850489276166111585e+00
-1.195169114887218553e+00
1.548170179731183982e+00
-1.147344694124051045e+00
-3.249283433174908975e+00
-2.085567726607747419e-01
-5.352448777293765669e-01
-1.937577332479439640e+00
-2.417747386681737165e+00
-1.207936611185162379e+00
-1.736035542293600020e+00
2.258543637579389696e+00
-2.176453993010749155e+00
-1.238773195325077481e+01
3.494213878205522761e+00
-1.670073659550528555e+00
3.409188087307730264e+00
-7.005866666540445209e+00
1.530935657442116238e+00
9.997340419992599703e-01
6.581569879160911185e-01
-2.134884252633421298e+00
-9.322288394121588384e-01
8.753739707042131890e-01
-3.933353878901101996e+00
5.618073306121725841e-01
7.898352600795868206e-01
-2.411562700270891035e+00
-1.553508450630089577e+00
7.831649248052959811e-01
3.234496551745534298e-01
2.572504295346164649e-01
-3.721348843063257972e-01
-1.093496247156778844e+00
2.342374592265172417e+00
-2.001705208472253084e+00
1.502881672827891535e+00
-8.561565662659008646e-01
-2.528747263684834046e+00
-1.797044633652553625e+00
3.375071191042505525e+00
-3.278907874971072722e+00
3.848639336923491250e+00
8.143353401263023272e+01
-2.292825154748043825e+00
-2.237321413645036561e+00
2.780668407170394651e+00
7.365607692912088389e-01
2.745244662085308818e+00
-2.368903010635731998e-01
5.439303378979833958e-01
-3.929821966754560414e+00
-1.065353313633798038e+00
1.444456181231180913e+00
-5.279314632151926867e-01
1.203184999318714254e+00
-1.074462658204445198e+00
4.118037482795107174e-01
-1.984204059925344377e-02
-1.935015587887370048e+00
5.835593137513161999e-01
9.841228882790428178e-01
-1.446967852383167497e+00
-1.071216449986479358e+00
-5.049778125307614537e-03
-2.529847690521528136e+00
1.693579483851655354e+00
-1.209039834465067909e+00
-2.961357623604077283e+00
-2.865606180840322370e+00
7.842519829908590687e-03
9.989458935875038526e-01
-2.599390243384994692e-01
-9.317752801594423318e-01
-2.790525497554644518e-01
-1.269954156867654671e+00
1.794065988035121517e+00
1.220256023464976636e+00
-6.863242984858934914e-01
-6.359602484504370823e-01
6.399873095880003859e+00
-1.942199299953597524e-01
3.548880480623562983e-01
7.731062221132447565e-01
2.384947245946051897e+00
-1.701311502127432984e+00
9.860167755035990078e-01
-2.068232460083408775e+00
1.971665109130418481e+00
9.792718752964367501e-02
3.130942480849090437e-01
5.666095400348811761e-01
3.958029486501675187e-01
4.115095488626053566e+00
2.110940007979990263e+00
-4.501810497342353390e-01
-6.456122761592761883e-01
-1.727229772854293799e+00
-4.425863232919851065e+00
-1.346058202747277832e+00
-5.105148340638634430e+00
5.757953088532661301e-01
4.116461868011937142e+00
-2.452229615504168403e-01
-3.240532126157595894e-01
-2.534379057582484274e-01
-5.750531943694365822e+00
-5.482619945844917630e-01
2.949525697085701115e+00
4.676092778530100413e-01
-3.004541333153192828e-01
2.016917042957423689e+00
-5.459118158443589941e-01
-5.181796600533304931e-01
-1.266602730109415376e+00
1.615979715927177152e+00
1.674787123362833086e+00
2.712822013715779690e+00
-1.055030171927910709e+00
6.895808740811897319e-01
-1.574697422199045738e+00
-4.541311770122170161e-03
3.464611175567127721e-01
1.665601303346241568e+00
2.592204176409775851e+00
