9.763502261680085947e-01
-1.327744458568117958e+00
-5.121203214953218286e-01
-4.214175594052902984e-01
1.411516757249793308e+00
-9.807389814978074716e-01
-8.014156165015434041e+00
9.545405482765013661e-01
6.545424632844250024e-01
4.909509072979098554e-01
-6.365889764706079745e+01
-1.874105184752623998e+01
-1.086009849178851905e+00
1.680485435764490054e+00
-1.164522415793675769e+00
3.020617515614240078e-01
-8.032265461366875359e-01
2.347271354057064663e+00
1.432327508596849541e-01
6.691099959265209285e-02
-2.779361673259591381e+00
-7.305899366082957425e-01
1.443175580869951569e+00
2.222773918749236799e+00
1.383764083693687308e+00
-1.329398722003991562e+00
-8.810010660272796779e-01
-1.353957529073787303e+00
-3.968354246779100425e+00
-2.831356530089419010e+01
6.830604623011877763e-01
-1.118041652995822727e-01
-3.730477381453083829e+00
1.457430829610897982e+00
-9.099355420955965723e-01
-9.954368751853359676e-01
1.003641180017527557e+00
1.657775471734590944e+00
1.418119750341696239e+00
2.830040712646160195e-01
2.229072530251413831e+00
2.142337915377891644e+00
5.770206429599984421e-01
2.687396218057428454e-01
-2.002589617714722880e-01
6.140440793782014905e-02
3.271180944714973116e-01
-6.627080478670767105e-01
-5.485897589916148842e-01
1.861647008976400786e+00
-2.594563800080530447e-01
-8.417978863470794160e-01
9.063398868503372841e-01
8.392547368957099518e-01
1.934611845868433377e+00
-5.975060723905337712e-01
-1.843487578212224531e-01
-9.837511501064338804e-01
5.923831333632738616e-01
9.027563073009583494e-01
-1.107948020313572712e+01
8.809482516508148064e-01
9.692926683958982270e-01
-1.541749390013487320e+00
-6.327627261022669147e-01
2.903987032707722182e-01
3.467270024390135541e-01
-1.802357899220724313e+00
-3.354384554679476160e+00
1.079487278465927513e+00
-1.655963925902730338e+00
-6.244918126671016090e+00
8.172972430500054841e+00
3.166190857901931821e+01
1.666155061114292568e+00
6.959333119342847596e-01
8.621129278627095438e-01
5.003345853451306446e-01
-1.357178113439561074e-01
-5.191976386314111735e+00
1.676779341870752615e+00
2.216837423981001365e+00
-4.240860949960807424e-01
2.432308479027242676e+00
-3.280150911727480079e+00
1.342926001877848552e-01
-6.691494639414576895e-01
-2.429873461191103701e+00
-5.894281187769916386e-01
-1.260970448179932646e+00
-6.075210157771852693e+00
-1.279438357145975536e+00
1.776383408119285967e+00
7.694429487222842479e-01
-9.704767533659366396e-01
8.486755551791841379e-01
3.831216641805619827e-01
-1.299719871439648051e-03
8.610418664541296119e-01
2.657236745051821392e-01
1.799338220318469350e-01
-1.048423316994421262e+00
1.477638413970927012e+01
-1.380993238539131918e+00
1.574626994439862315e+00
-7.227172525120977298e-01
6.295507092495740142e-01
2.214007661889112022e+00
1.795697192019920507e-01
-1.022336434807413985e+00
-1.989154514530849571e+00
2.909045657849700373e+00
-7.437572143307191741e-01
1.517792349819175435e+00
-1.653996857324155911e-01
3.920151595129355293e-01
-9.750902812177705270e-01
-1.706747849944796780e+00
-1.079261169426647848e+00
5.714550144116189445e-01
-2.822381300929110548e+00
-1.652944094757737847e+00
-1.306435219149068683e+00
-6.148041385806652936e-01
-9.745911143592107528e-01
-6.521653434023854112e-01
5.927198852214080382e+00
1.291352016699844008e+00
-3.519728533638092904e-01
1.283653791907735098e-02
-1.385895857048698332e+00
-4.776702646064331148e+00
5.578199559584620104e-01
4.922821777168762125e-01
6.637036914374885299e-01
-1.851601352216982299e+00
-2.977663663578147712e+00
1.083197331217557924e+01
-5.465740981226301365e-01
1.210201846809463522e+00
-2.781947151910195148e-01
1.704667293163848241e+00
1.641474250539279311e-01
-4.509874989855074123e-02
1.471605296065704671e+00
-9.579038130590241673e-01
8.165910516167965483e+00
-5.232256675184379091e-01
-2.643032144212273060e+00
-9.176590918622391513e-01
-4.205752306154495468e-01
6.078409386343208709e-01
4.302046903511563301e+02
-4.473973821089598513e-01
-2.161689489197574421e+00
1.158999671171254464e+00
-1.577950734059480942e+00
-1.652841457686973881e+00
1.608552297154255628e+00
2.697687404020905344e+00
-2.074611928080963175e+00
-1.492056765470280988e+00
1.268167967859960443e+00
3.492020040948685677e-01
-6.791835578581433275e-01
-7.666669619855868145e-01
-3.195573335704606333e+00
-2.472551974935379704e+00
-1.040776507788058858e+00
6.790191495624552376e-01
2.433858046171533562e+00
1.766019596799700553e-01
1.515983529957054987e+00
-2.429254120427029040e+00
1.315002283147311601e+00
-4.158542817031791738e-01
2.502449174437971546e+00
-4.562833079762387278e-01
-3.763976099125349029e-01
4.058606074367028249e-01
-6.835079186346630642e-02
-1.834627879754943569e+00
1.023083555151726110e+00
3.092865278416341290e-01
1.806491083061969150e+00
-2.167968656663769256e+00
-1.198944149323670327e+00
-7.340336841977282423e-02
3.205358297159092151e-01
-1.108129773160420328e-01
5.884974417895654231e-01
1.677002123110067799e+00
-1.112270490029884762e+00
-2.919102783576241200e-01
-1.753010426117492582e+00
1.825934847064484279e+00
9.798413111874089143e-01
1.723219106332010586e+00
2.117658744650895208e+00
1.612820288369479993e+00
3.735275159616575635e-01
9.993298766303951197e+00
-2.677848640057982621e-01
-8.492664770353719472e-01
-2.577908035909851847e+00
4.898509645711471294e-01
-4.775459733091125814e-01
6.293071780168153495e-01
6.789536260954303071e-01
1.554771486985552453e+00
-1.354264417037520429e+00
9.788625070188821109e-01
-8.209913623099338587e-01
9.703778840522927496e-01
6.307075485260149605e-01
-9.264363559995009156e-01
-4.746693489178600012e-01
-5.403122154105628461e-01
1.705264487932055539e-01
3.847876230904417882e-01
1.481175620722783526e+00
5.511019698794404620e-02
1.712766213489512968e+00
4.265531104833844012e+00
6.661608391306235166e-01
1.331476482345037293e-01
4.888891361137108760e+00
7.272881120438804414e-01
1.572811604907362382e+00
1.362989529026233493e+00
-8.056919810449412189e-01
-1.197951043050932141e-02
-1.845118723277669126e+00
-5.732259477511385093e+00
5.825730459980633658e-01
5.553328600522167147e-01
1.777497348765254004e-01
-1.891748682031852535e+00
1.538106689812612782e+00
2.779188293044924762e+00
8.128858241295957576e-01
-2.246798628804933529e+00
-1.512912442383013367e+00
-1.831137902997592715e+00
1.884193967905776645e+00
-2.064540166759682549e+00
-1.016306046600314428e+00
2.078570933301840951e-01
1.500257730797433187e+00
-2.971730482995204259e+00
7.319769375187286098e-01
-1.744063401411003023e+00
1.750934761861696831e+00
5.511347273379326950e+00
4.639614394063723779e+00
3.029335236481798699e+00
-2.356772197347401843e+00
1.270514807678653879e+00
1.117552534744658876e+00
1.753765110194769883e-01
2.827271900033012653e+00
1.145594854293456727e-01
-1.834252392124552156e+00
-1.433712866697483435e+00
2.992167896483257650e-01
