2.011919496335330682e-01
-3.467437451053523745e+00
-9.723307007279362590e-01
-2.322568677156275019e+00
8.564049138257208149e-01
1.137809977548165374e+00
-3.736118805447314628e+01
-2.111512124818771152e+00
-6.762929085151773378e+00
9.706810105854983828e-01
-8.927624356254357796e-01
-4.052935623041875601e-01
-1.539680066091760668e+00
-1.149807070956858013e+01
-2.554927940604692971e+00
1.860224972404096677e+00
-6.573478678553883181e-02
5.466823532441544842e-01
-1.595634278816819851e-01
-2.893568464834115339e+00
6.312101607188385088e-01
-7.657749316841835352e+00
2.976105272678374547e+00
-1.684998012160187386e+01
-7.306689127362264724e-01
3.052258584106114370e+01
1.918547741921721617e+00
-8.269290599501676331e-01
2.881688913748420289e-01
5.520542389052742749e-01
1.703111360519157236e+00
-2.880890391346482282e+00
7.320887902293425897e-01
3.960756416537270397e+00
-8.898830004983030451e-01
2.699513601007630381e-01
-8.698388997525214883e-01
1.159289337280816401e+00
-8.350075895464318165e+00
-8.183510686836931169e-01
8.333886344466270302e-01
-3.871492504221650144e+00
8.476068486013292880e-01
4.089006527370343314e+00
4.987497950915774636e-01
6.693540832049256650e+00
1.225690435720609317e+00
3.332708479529123968e-01
-2.016171486086904885e+00
-6.339750824552620179e-02
-3.602020381498607371e-01
9.625557203723553723e-01
-1.294395765708369339e-01
-8.057578812615888708e-01
1.420956543877652800e+00
5.868457616552468226e-01
4.235984754563422605e+00
-8.210949622500676170e+00
-3.725125671629979096e-01
-6.420680040106139241e-01
-6.685688165558565377e-01
-1.232947602622712913e-01
-3.721394254113135958e+00
1.850264922374029508e+00
-1.473053671736125114e+00
-3.967863122603295523e+01
1.728485425234187023e+00
-5.598651208407582347e-01
5.433029744669703121e+00
-9.920752805967953947e+00
3.586127271821468732e-01
2.350044589024532726e+00
-2.668208512478046135e+00
-1.554473812720738035e-01
-4.875177796786782647e-01
-2.853846667945896698e+00
3.119582997890602449e+00
-7.085788592696249388e-01
1.322805294572916068e+00
5.105213427308966795e-02
9.611210739229658628e+00
7.007550878043022458e+00
-5.607928013510597998e-01
-1.663239749179462823e+00
7.411621629042133286e+00
-1.761455521028734950e+01
-4.907396667955300273e+00
1.292341506145843200e-01
9.300294417735375241e-01
-4.722220768010924885e-02
4.419503031492491907e+00
-1.180423913587368645e+00
-4.330416673725503429e-01
6.382613731818496117e-01
-1.272492961367650111e+00
-2.499423473788847661e-02
8.462198386057343535e-01
-1.656112247429486928e+00
1.838594636797851223e+01
-8.809175819094264837e-01
1.986600807795595891e+00
8.717268807313331980e-01
-3.699203553873722239e+00
3.799417219600774498e+00
1.432047546449588316e+00
-4.106014033208674974e+00
1.529812034235849216e+00
-9.411131607727463155e-01
-3.073625031142313002e+00
-1.365611755311206821e+00
2.316877735532314908e+00
-1.789939129060778011e-01
-1.676264703567323266e+00
4.656626981328960135e-01
7.435053376763621102e+00
2.131759856030312150e+00
6.860682373560844649e-01
1.256848344981464638e-01
2.187889958277400737e+00
5.598288172089098680e-01
3.269240884971189587e+00
1.210611734723856969e+00
3.773242783043245563e+00
2.342741039695210303e-01
-1.983904051751373965e+00
5.482094925414052078e+00
1.085321668087451030e+01
4.496197737744285661e+01
2.356815357162168612e-01
3.251680941479323739e+00
7.119551989343603227e-02
-9.146944311441207454e-01
-2.854878717718164705e+00
-2.844499846442291755e+02
7.539642539252586761e-01
-2.612360287686700033e+00
-1.218324651673011294e+00
1.995226380483802742e-01
2.159595603226399652e-01
8.115597664388218391e+01
-3.444891910253963019e+00
1.764333514708144035e+00
-3.580569667370920861e-01
-2.950509589377592334e-02
1.100998618513469252e+00
4.559460032582223210e-01
1.703780728581343329e+00
3.852478539653803047e-01
2.761752441285654225e-01
2.754249675529636843e+00
-3.116436650517511175e+00
2.989645232208871573e+00
-2.309823383494406523e-01
-1.777057660969604047e+00
1.529860525174633556e+00
-4.210428894728602245e+02
9.184369520076836046e-01
9.552643065886029516e-02
9.001614376392792494e-01
-2.670458220032100316e-01
2.519865296575874680e+01
-3.513558024855556017e+00
-2.152606905176159824e+00
5.019107916190749252e-01
8.949543387770864111e-01
1.275798747640691788e-01
1.671341630550174528e+01
6.772021909954175634e+00
3.262441799761633399e-01
1.002207379051196279e+00
-1.053856490220384856e+00
-7.695948846022236722e+00
4.656270239250721588e+00
6.268389415058488900e+00
-6.334288390288143888e-02
-1.433674178466444626e+00
-6.196874595819433784e-01
-4.109011203701360970e-01
-2.497774380308254161e-01
2.431363615492022401e+00
7.713871460655420620e+00
3.673160393783378552e+00
-4.860427037426592878e-01
1.041000479256115341e+01
-2.015610784570480618e+01
-3.168810587850786481e-02
-6.433553361075120547e-01
2.956775393741196023e+00
3.202150733464996790e-01
-6.306927496042269432e-01
-2.966021490254554749e+00
-3.486062136189743699e-01
-9.572369682296204552e-01
5.236411669111871170e-01
3.187056372064245857e-01
-5.732911613233757642e-01
-7.545983719417905800e-01
-9.953793046238871511e+00
-9.029061532576077020e-01
5.343207781027449199e-01
-2.123169819891506105e+00
1.480116562587868723e+00
8.573479100455436708e+00
-3.892400875538666316e-01
-6.506194599032626424e-01
-4.786424201603853135e+01
-1.896767427932170458e+00
2.354427154885175177e+00
-3.036561877874644821e+00
-2.149887710551928066e+00
2.127726150007438921e+00
-2.569192428181582000e-01
1.121987795212771033e+01
3.144008402578305716e+00
1.604242344510266705e+00
-1.793794318577969504e-01
-9.846673469093519815e-01
-5.579616955095705322e-01
1.308308634750615651e+00
6.158586315903399999e+00
3.230526888680911035e-02
-2.561537623786255047e+00
1.828466496775510564e+01
-1.015959928867200102e+00
-1.666817796115466654e+00
-8.507732438293913901e+00
7.663643408808974433e-01
-1.785991419327857654e+00
5.480898749787546098e-01
1.451174888953405295e+00
-4.043409117344540391e+02
-4.666361504559486395e-01
-9.496016323590713570e-01
-2.497568211691684414e+00
3.261514986824812778e-01
5.037052860606958227e+00
-4.465785063245589215e-02
-3.424925294890128480e-02
1.021571277534421007e+00
4.907765567089208969e-01
-3.887615515214652429e-01
5.761717844729440374e-01
6.554084674958129408e-01
2.509415064419648189e+01
1.542084845012008598e+00
-2.105068989251292766e-01
-1.884984183368026756e+00
-3.417614475586987499e-01
3.041897852647944234e+01
2.292697638917113312e-01
-1.928016578243689949e+01
1.718537921391332546e+00
-6.603621551313676452e-01
-1.354502384268565507e+00
-1.247130325468292167e+00
2.708536525624825053e-01
2.574329475505724218e+00
-2.878385451430359177e-01
2.293952364709432867e-01
-8.452411425466055395e-01
1.101204107530671550e+00
-2.497437044174497078e+00
9.737048209736897775e+00
-1.527743298297175922e+00
-5.211394501815430402e+00
