1.176668543753801588e+00
-2.396295809452359649e+01
8.460304932783295484e-02
8.052930255895929257e-01
2.711094849806916329e+01
-7.848180855913613474e-01
5.050269360777428496e-01
-1.712571498052020580e+00
-3.868506376670784785e+00
7.223792819489329720e-01
-2.829714222100734311e+00
-1.651408474689235106e+01
-5.401689688154653890e-01
4.418728669530342934e-01
3.116710801683416077e-01
-1.008302681892359276e+00
1.154877070907340375e+00
3.195018491581873565e-01
-2.125511666599658511e+00
2.542052680672759912e+00
-7.545655034178453402e-01
8.194371758767832192e-02
-1.356681656535996927e+00
8.673796947784953026e-01
-1.032035381372093719e+00
7.545421298620915707e-01
1.462740683590672219e+00
-3.793632104948758965e-02
1.538053704276147471e+01
-2.784686110601140907e+00
1.743469212373099930e-01
1.813928426248645254e+00
-8.080988970252592773e-01
4.111115958089193612e+00
3.104146451327100209e+00
-2.589072315035452210e+00
2.599718922618264871e-01
6.416495334732132960e-01
-1.978209386417376203e+00
4.680875287959688213e-01
4.818703564808691220e-01
-3.764807586186653676e-01
-6.047228679593587009e-01
8.083097380362406215e-01
-1.446624410747789913e+00
-7.101952271661673421e-01
8.765034565359635099e-01
1.775707859533525612e+00
-3.224009785375593351e-01
9.499300069523509693e-01
-1.745989824597280471e+00
1.298976713395612048e+00
-1.331263414502681997e+01
-3.143534612575462073e-01
-5.950804163787060119e-01
-1.289159855538148047e+00
-2.110174546565911857e+00
5.993729051411653685e-01
4.770038519844741476e-01
-2.677363390917548713e+00
2.670200804189923893e+00
-1.984313045352795735e+00
-1.377814551567004275e-01
9.597078124356706041e-01
1.202689532949504203e+00
1.402964899363654983e+00
-1.775536192679294700e+01
-1.335808999821114451e+00
9.619128844907862685e-01
-5.585428862541885753e-01
1.349809078117619521e+00
1.149710108937348707e+00
-4.897021683541245007e-01
1.414173146177998497e+00
2.239025339548762206e-01
1.564995507013487774e+00
5.222661646891747500e-01
-1.876883710825285045e-01
8.962399584301469213e-01
-1.834738488453055538e+01
-1.559988488676857799e+00
1.569601210860375851e+00
4.303645758298689783e-01
4.679701704720610200e-01
-7.335484336491664425e-01
-4.649928966505209038e-01
1.750829895069359876e-01
-6.186485856255199423e+00
-2.897865960925540829e-01
-1.659313970191382270e-01
4.915509722433120121e-01
5.313437202894210065e-01
-1.337917066993948634e+00
-3.794143879808109077e+00
-2.891493602460992740e-01
1.642788362072389319e-01
3.175096549170798865e-01
2.172037297879917672e-01
-7.422843016649051384e-02
2.704290029641507331e-01
1.810085504597382489e+00
8.651286451170623337e-01
1.190667950718467871e+00
2.636055074095915884e+00
-5.031100051938742013e+01
1.560485717395927452e-01
-1.232254042045240472e-01
-3.195136219465464222e+00
5.208781327829359320e-01
-7.571567028007705202e-01
3.022349399673641135e-01
-7.273243822558020932e-01
-6.998212122375425679e+02
1.086992196184553450e+00
3.608003313383182142e+00
9.892039231160412727e-02
-1.327979648922711586e+00
2.632640127547407616e+00
7.531545153157566119e+00
5.084013129837542166e+00
-6.388082106290378093e-01
2.782402021086229915e+00
1.067591820435903616e-02
3.459822900399963652e-01
-2.936232369326890357e+00
5.240853507538982547e-02
-1.867398741708367726e+00
-4.008509599451776095e-01
-4.825753780879178390e-01
-1.193308863264752828e+00
-4.603402723148855813e+01
7.222084930499107491e-01
1.452797496848301728e+00
-6.047002280810442887e-01
5.843954462642174663e-01
1.821817122667234584e-02
1.892115143200169269e-01
6.091553651686574256e-01
1.258471951321947557e+00
2.156385027770492346e+00
1.458816498757523616e-01
3.665658792043180458e-01
-7.230142544329920540e-01
1.084543664711262956e+00
1.506554331230075539e+00
3.564451731523035072e-01
-2.890678586502055114e-01
-5.560526976523153531e-01
-4.783960037282838917e-02
-2.087390753127743803e+00
-5.180506911162136019e-01
1.144923968045530760e+00
-3.772557764296760596e-01
-4.786228460167846199e-01
2.486009077507429943e+00
-5.262321110180867567e-02
-4.386683523439414145e-01
1.187443785187701550e+00
-4.713657753804847417e-01
-1.126206234115576521e+00
-3.229996300177221613e+00
5.019329712750593586e+00
7.403773115616398837e-01
-9.116027813506741850e-01
-2.077435050243650327e-01
2.145429267857249744e+00
-7.815911113736433435e-01
-7.566478096581987778e-01
-1.544268952880742951e+00
9.894391087002840646e-01
1.051822368873319147e-01
1.440134009889902256e+00
5.467570285923082807e+00
-6.459881636684461359e-01
-1.608355624599480116e-01
3.977158682973926940e-01
5.328288590323015939e-02
-4.293500360318279752e-01
1.871990778492106156e+00
-1.179843656054751777e-01
-5.031997024800309859e-01
-2.800929965355278828e-01
-1.983999940505001724e+00
5.509141634744724181e-01
-1.441930317861314759e+00
-1.361108351947807105e+00
-1.170332481950683512e+00
-5.953800683190625387e-01
1.697228522284583985e+00
4.913858007423713703e-01
-3.455100449338286417e+00
-1.815220002454533743e+00
-1.136230055139811679e+00
1.398795429624247300e+00
4.613138893681730224e+01
-6.033510956617096355e-01
-2.422111306237477446e-01
-3.996796166702714093e-01
-7.343285345279878529e-01
-5.485015732512004138e-01
-6.530010669577475113e-01
-2.581208864060462815e+01
-8.575096935491096417e+00
3.984344325275865351e-01
3.960148439301313661e-01
1.913156987288483046e+00
-4.722641769948547008e+00
1.328928244485185539e+00
-1.014749778073346320e+00
3.204780751798773419e+00
-9.196051418594746174e-01
2.583797936746018084e-02
1.030631780154840804e+00
1.805608253483182768e+00
2.217286929994751965e+00
-5.458503660376173849e-02
1.098891024508084069e+00
2.381833139201990690e+00
1.548867517332457311e-01
3.872119701000966696e-01
-1.812436962382830918e+00
-2.040876609738225544e-01
-1.560168342031431843e+00
-1.228267303675407929e+00
-8.158710848409919336e+00
5.176093863237637427e-01
7.402776028267430419e-01
1.716484572801875164e+00
1.312562248445377500e-01
6.349748839095608055e-01
-4.102664244370621827e-01
-6.027119423599618386e-01
2.007980723791433775e+00
-1.091505054490475635e+00
-4.964098163443529943e-01
-7.677736873787798233e-01
5.148543032890380289e-01
-6.531728381462874600e-01
-5.004969158118772153e-03
7.024400366229858861e+00
5.359284107811821407e-01
-3.084192627990171687e+00
-1.634237294877539215e+00
1.978300398629016854e+00
-6.167988152378739430e-01
-3.901253709798275793e-01
4.205542857535889967e-01
5.843075703769936569e-01
7.304239429387563431e-01
-2.533802814617594379e+00
-1.408089953298750086e+00
-6.772575980413488850e-01
1.402316634833566589e+01
2.880995337976049786e+00
1.085878318818261246e+00
1.466497838394649200e+00
-1.609410182831140901e+00
-5.782243215169964312e-01
-2.814577437388675052e-01
2.029238667627518922e+00
-2.603227669623284779e+00
2.845025109274763153e+00
2.155045112376122951e+00
-1.442131197268956777e+00
-1.142338775019635477e+01
